-100 3.74134e-212
-99.8 3.66833e-211
-99.6 4.87548e-210
-99.4 6.00712e-209
-99.2 7.43716e-208
-99 9.09534e-207
-98.8 1.10264e-205
-98.6 1.32395e-204
-98.4 1.57458e-203
-98.2 1.85466e-202
-98 2.16342e-201
-97.8 2.49903e-200
-97.6 2.85849e-199
-97.4 3.23761e-198
-97.2 3.63106e-197
-97 4.03244e-196
-96.8 4.4345e-195
-96.6 4.82938e-194
-96.4 5.20892e-193
-96.2 5.56504e-192
-96 5.8901e-191
-95.8 6.17726e-190
-95.6 6.42086e-189
-95.4 6.61662e-188
-95.2 6.7619e-187
-95 6.85572e-186
-94.8 6.89876e-185
-94.6 6.89322e-184
-94.4 6.84262e-183
-94.2 6.75148e-182
-94 6.62501e-181
-93.8 6.46874e-180
-93.6 6.28819e-179
-93.4 6.08859e-178
-93.2 5.87463e-177
-93 5.6503e-176
-92.8 5.4188e-175
-92.6 5.18256e-174
-92.4 4.94325e-173
-92.2 4.70198e-172
-92 4.45936e-171
-91.8 4.21574e-170
-91.6 3.97135e-169
-91.4 3.72651e-168
-91.2 3.48173e-167
-91 3.23786e-166
-90.8 2.99615e-165
-90.6 2.75833e-164
-90.4 2.52668e-163
-90.2 2.30408e-162
-90 2.09416e-161
-89.8 1.90155e-160
-89.6 1.73225e-159
-89.4 1.59437e-158
-89.2 1.49922e-157
-89 1.46312e-156
-88.8 1.5104e-155
-88.6 1.67845e-154
-88.4 2.02582e-153
-88.2 2.64435e-152
-88 3.67568e-151
-87.8 5.33224e-150
-87.6 7.92263e-149
-87.4 1.18808e-147
-87.2 1.77971e-146
-87 2.64461e-145
-86.8 3.88061e-144
-86.6 5.60572e-143
-86.4 7.95502e-142
-86.2 1.10729e-140
-86 1.51e-139
-85.8 2.01541e-138
-85.6 2.63055e-137
-85.4 3.35495e-136
-85.2 4.17791e-135
-85 5.0764e-134
-84.8 6.01423e-133
-84.6 6.94317e-132
-84.4 7.80629e-131
-84.2 8.54379e-130
-84 9.10049e-129
-83.8 9.43406e-128
-83.6 9.52223e-127
-83.4 9.36725e-126
-83.2 8.99633e-125
-83 8.45736e-124
-82.8 7.81075e-123
-82.6 7.11901e-122
-82.4 6.43663e-121
-82.2 5.80248e-120
-82 5.23642e-119
-81.8 4.73997e-118
-81.6 4.30011e-117
-81.4 3.89397e-116
-81.2 3.49166e-115
-81 3.05458e-114
-80.8 2.52935e-113
-80.6 1.85158e-112
-80.4 1.0171e-111
-80.2 2.83249e-111
-80 2.69638e-111
-79.8 3.91575e-111
-79.6 4.75093e-111
-79.4 1.11773e-110
-79.2 6.06591e-110
-79 3.67691e-109
-78.8 2.3168e-108
-78.6 1.8393e-107
-78.4 1.95593e-106
-78.2 2.29199e-105
-78 2.25265e-104
-77.8 1.48938e-103
-77.6 5.81328e-103
-77.4 1.53064e-102
-77.2 4.98694e-102
-77 3.82323e-101
-76.8 4.70912e-100
-76.6 5.2162e-99
-76.4 4.86601e-98
-76.2 4.23597e-97
-76 3.79169e-96
-75.8 3.55996e-95
-75.6 3.36798e-94
-75.4 3.06809e-93
-75.2 2.60649e-92
-75 2.01268e-91
-74.8 1.37996e-90
-74.6 8.25122e-90
-74.4 4.27739e-89
-74.2 1.9592e-88
-74 8.4223e-88
-73.8 3.76814e-87
-73.6 1.95527e-86
-73.4 1.23941e-85
-73.2 9.38134e-85
-73 8.02198e-84
-72.8 7.39859e-83
-72.6 7.17865e-82
-72.4 7.27292e-81
-72.2 7.70415e-80
-72 8.54751e-79
-71.8 9.90366e-78
-71.6 1.18888e-76
-71.4 1.46287e-75
-71.2 1.8242e-74
-71 2.27995e-73
-70.8 2.82516e-72
-70.6 3.43367e-71
-70.4 4.05074e-70
-70.2 4.59302e-69
-70 4.96055e-68
-69.8 5.06116e-67
-69.6 4.84111e-66
-69.4 4.30885e-65
-69.2 3.53827e-64
-69 2.64532e-63
-68.8 1.74812e-62
-68.6 9.38986e-62
-68.4 3.14266e-61
-68.2 3.21611e-61
-68 3.32544e-61
-67.8 3.77908e-61
-67.6 2.11077e-61
-67.4 3.03892e-61
-67.2 1.86051e-60
-67 1.71688e-59
-66.8 1.22234e-58
-66.6 4.14891e-58
-66.4 6.07389e-58
-66.2 1.28024e-57
-66 1.91626e-57
-65.8 1.52088e-57
-65.6 4.90221e-58
-65.4 5.58138e-57
-65.2 7.03383e-57
-65 5.90777e-57
-64.8 6.06399e-57
-64.6 1.0646e-57
-64.4 4.36441e-57
-64.2 1.78714e-57
-64 7.08914e-59
-63.8 1.8565e-58
-63.6 3.73927e-58
-63.4 1.57519e-57
-63.2 6.71764e-58
-63 2.31322e-58
-62.8 2.52129e-58
-62.6 5.15455e-57
-62.4 3.31902e-57
-62.2 3.82665e-57
-62 2.79382e-57
-61.8 6.24048e-58
-61.6 4.66781e-59
-61.4 2.57692e-58
-61.2 1.05885e-58
-61 3.77465e-58
-60.8 9.06045e-59
-60.6 5.15099e-58
-60.4 8.16654e-58
-60.2 7.21032e-58
-60 7.6485e-58
-59.8 7.91851e-58
-59.6 1.30063e-57
-59.4 3.6636e-58
-59.2 1.30845e-57
-59 1.26053e-57
-58.8 1.84685e-57
-58.6 7.10842e-58
-58.4 5.38956e-58
-58.2 3.44489e-58
-58 2.31518e-58
-57.8 1.78398e-57
-57.6 1.74725e-57
-57.4 1.70941e-57
-57.2 1.76016e-57
-57 1.32609e-58
-56.8 2.03098e-58
-56.6 3.68837e-59
-56.4 1.03878e-58
-56.2 7.20663e-58
-56 8.68112e-59
-55.8 1.95397e-57
-55.6 2.15164e-58
-55.4 6.50928e-57
-55.2 5.85686e-57
-55 1.08031e-56
-54.8 3.22519e-57
-54.6 4.0816e-57
-54.4 1.18934e-57
-54.2 8.76762e-58
-54 3.40207e-58
-53.8 1.16972e-58
-53.6 1.9893e-57
-53.4 1.94424e-57
-53.2 3.16839e-57
-53 2.65431e-57
-52.8 6.45601e-57
-52.6 2.99885e-57
-52.4 4.27585e-58
-52.2 7.92132e-57
-52 4.34874e-57
-51.8 6.32935e-58
-51.6 1.95466e-56
-51.4 1.3402e-57
-51.2 6.20829e-57
-51 8.92709e-58
-50.8 2.34625e-56
-50.6 6.3841e-57
-50.4 1.83572e-57
-50.2 6.79686e-57
-50 3.00783e-57
-49.8 1.34651e-56
-49.6 1.01905e-56
-49.4 4.12516e-56
-49.2 1.0228e-56
-49 1.4572e-56
-48.8 3.37207e-56
-48.6 5.57979e-57
-48.4 8.59529e-57
-48.2 4.59529e-56
-48 3.10377e-57
-47.8 5.95422e-55
-47.6 1.42592e-56
-47.4 1.36315e-54
-47.2 1.05079e-55
-47 8.39514e-54
-46.8 8.46959e-55
-46.6 1.91897e-53
-46.4 1.97603e-54
-46.2 2.29902e-53
-46 9.69579e-53
-45.8 1.55473e-53
-45.6 9.12719e-52
-45.4 1.07014e-51
-45.2 9.24516e-52
-45 1.92462e-52
-44.8 4.21374e-53
-44.6 3.45164e-53
-44.4 1.42093e-52
-44.2 3.90184e-53
-44 1.73169e-53
-43.8 3.30864e-52
-43.6 2.24547e-51
-43.4 3.74041e-52
-43.2 4.23206e-53
-43 8.75771e-52
-42.8 6.66222e-52
-42.6 5.02819e-53
-42.4 1.3862e-51
-42.2 8.73254e-53
-42 1.63819e-50
-41.8 7.4458e-54
-41.6 2.43666e-50
-41.4 3.62888e-52
-41.2 8.38421e-50
-41 1.26663e-50
-40.8 8.70581e-50
-40.6 4.0505e-51
-40.4 6.89014e-50
-40.2 3.44782e-51
-40 3.37189e-49
-39.8 5.07594e-50
-39.6 1.97992e-50
-39.4 6.2724e-50
-39.2 6.54387e-51
-39 7.65011e-49
-38.8 9.28648e-50
-38.6 2.12564e-47
-38.4 8.91778e-48
-38.2 1.55839e-46
-38 2.11496e-45
-37.8 3.18465e-46
-37.6 1.6343e-44
-37.4 1.14062e-43
-37.2 4.46295e-44
-37 1.58675e-43
-36.8 2.84518e-42
-36.6 3.12468e-42
-36.4 7.52786e-42
-36.2 6.1226e-42
-36 9.23167e-42
-35.8 1.7421e-41
-35.6 1.8764e-40
-35.4 9.79202e-40
-35.2 8.61938e-39
-35 4.03461e-38
-34.8 1.08419e-37
-34.6 4.76294e-38
-34.4 1.19203e-37
-34.2 1.02756e-37
-34 5.28889e-38
-33.8 1.99901e-38
-33.6 6.18044e-37
-33.4 4.33024e-37
-33.2 1.63096e-35
-33 2.77206e-35
-32.8 2.10145e-35
-32.6 7.33489e-36
-32.4 1.03604e-34
-32.2 2.1352e-34
-32 1.89571e-34
-31.8 1.28091e-35
-31.6 4.70002e-34
-31.4 1.34756e-33
-31.2 7.69284e-33
-31 1.53211e-32
-30.8 4.19036e-32
-30.6 7.8509e-32
-30.4 1.31543e-31
-30.2 1.86437e-31
-30 2.25417e-31
-29.8 2.09487e-31
-29.6 1.67357e-31
-29.4 1.50455e-30
-29.2 1.2923e-29
-29 5.80235e-29
-28.8 1.88209e-28
-28.6 5.08492e-28
-28.4 1.16972e-27
-28.2 2.23896e-27
-28 3.40203e-27
-27.8 4.08134e-27
-27.6 8.39179e-27
-27.4 6.76111e-26
-27.2 4.43845e-25
-27 1.86214e-24
-26.8 5.74001e-24
-26.6 1.3952e-23
-26.4 2.69891e-23
-26.2 3.98739e-23
-26 3.92057e-23
-25.8 1.73471e-23
-25.6 1.07287e-22
-25.4 1.38215e-21
-25.2 6.51115e-21
-25 1.92386e-20
-24.8 4.41425e-20
-24.6 8.22715e-20
-24.4 1.23514e-19
-24.2 1.45037e-19
-24 1.35308e-19
-23.8 2.15142e-19
-23.6 1.16927e-18
-23.4 5.07947e-18
-23.2 1.45668e-17
-23 3.30079e-17
-22.8 6.47312e-17
-22.6 1.14842e-16
-22.4 1.94868e-16
-22.2 3.40181e-16
-22 6.49872e-16
-21.8 1.36099e-15
-21.6 2.96294e-15
-21.4 6.38976e-15
-21.2 1.33928e-14
-21 2.72169e-14
-20.8 5.38024e-14
-20.6 1.0401e-13
-20.4 1.97778e-13
-20.2 3.71803e-13
-20 6.9355e-13
-19.8 1.28626e-12
-19.6 2.37305e-12
-19.4 4.35399e-12
-19.2 7.9389e-12
-19 1.43734e-11
-18.8 2.58194e-11
-18.6 4.59912e-11
-18.4 8.12078e-11
-18.2 1.42119e-10
-18 2.46506e-10
-17.8 4.23801e-10
-17.6 7.22282e-10
-17.4 1.22046e-09
-17.2 2.0449e-09
-17 3.39785e-09
-16.8 5.59963e-09
-16.6 9.15323e-09
-16.4 1.48414e-08
-16.2 2.38713e-08
-16 3.80889e-08
-15.8 6.0291e-08
-15.6 9.46783e-08
-15.4 1.47504e-07
-15.2 2.27994e-07
-15 3.49641e-07
-14.8 5.32004e-07
-14.6 8.03189e-07
-14.4 1.20323e-06
-14.2 1.78863e-06
-14 2.63851e-06
-13.8 3.8626e-06
-13.6 5.61185e-06
-13.4 8.09204e-06
-13.2 1.15813e-05
-13 1.6452e-05
-12.8 2.31988e-05
-12.6 3.24721e-05
-12.4 4.51197e-05
-12.2 6.2236e-05
-12 8.52199e-05
-11.8 0.000115841
-11.6 0.000156316
-11.4 0.000209388
-11.2 0.000278415
-11 0.000367456
-10.8 0.000481358
-10.6 0.000625833
-10.4 0.000807526
-10.2 0.00103406
-10 0.00131405
-9.8 0.00165715
-9.6 0.002074
-9.4 0.00257625
-9.2 0.00317654
-9 0.00388858
-8.8 0.0047272
-8.6 0.00570855
-8.4 0.00685035
-8.2 0.00817221
-8 0.00969596
-7.8 0.0114458
-7.6 0.0134486
-7.4 0.0157327
-7.2 0.0183277
-7 0.0212615
-6.8 0.0245576
-6.6 0.0282303
-6.4 0.0322793
-6.2 0.0366829
-6 0.0413912
-5.8 0.04632
-5.6 0.0513465
-5.4 0.0563071
-5.2 0.0610011
-5 0.0651987
-4.8 0.0686552
-4.6 0.0711324
-4.4 0.0724235
-4.2 0.0723825
-4 0.0709532
-3.8 0.0681952
-3.6 0.0643016
-3.4 0.0596057
-3.2 0.0545724
-3 0.0497725
-2.8 0.0458404
-2.6 0.0434175
-2.4 0.0430855
-2.2 0.0452999
-2 0.0503275
-1.8 0.0581981
-1.6 0.0686736
-1.4 0.0812454
-1.2 0.0951613
-1 0.109483
-0.8 0.123166
-0.6 0.13516
-0.4 0.144509
-0.2 0.150448
0 0.152484
0.2 0.150448
0.4 0.144509
0.6 0.13516
0.8 0.123166
1 0.109483
1.2 0.0951613
1.4 0.0812454
1.6 0.0686736
1.8 0.0581981
2 0.0503275
2.2 0.0452999
2.4 0.0430855
2.6 0.0434175
2.8 0.0458404
3 0.0497725
3.2 0.0545724
3.4 0.0596057
3.6 0.0643016
3.8 0.0681952
4 0.0709532
4.2 0.0723825
4.4 0.0724235
4.6 0.0711324
4.8 0.0686552
5 0.0651987
5.2 0.0610011
5.4 0.0563071
5.6 0.0513465
5.8 0.04632
6 0.0413912
6.2 0.0366829
6.4 0.0322793
6.6 0.0282303
6.8 0.0245576
7 0.0212615
7.2 0.0183277
7.4 0.0157327
7.6 0.0134486
7.8 0.0114458
8 0.00969596
8.2 0.00817221
8.4 0.00685035
8.6 0.00570855
8.8 0.0047272
9 0.00388858
9.2 0.00317654
9.4 0.00257625
9.6 0.002074
9.8 0.00165715
10 0.00131405
10.2 0.00103406
10.4 0.000807526
10.6 0.000625833
10.8 0.000481358
11 0.000367456
11.2 0.000278415
11.4 0.000209388
11.6 0.000156316
11.8 0.000115841
12 8.52199e-05
12.2 6.2236e-05
12.4 4.51197e-05
12.6 3.24721e-05
12.8 2.31988e-05
13 1.6452e-05
13.2 1.15813e-05
13.4 8.09204e-06
13.6 5.61185e-06
13.8 3.8626e-06
14 2.63851e-06
14.2 1.78863e-06
14.4 1.20323e-06
14.6 8.03189e-07
14.8 5.32004e-07
15 3.49641e-07
15.2 2.27994e-07
15.4 1.47504e-07
15.6 9.46783e-08
15.8 6.0291e-08
16 3.80889e-08
16.2 2.38713e-08
16.4 1.48414e-08
16.6 9.15323e-09
16.8 5.59963e-09
17 3.39785e-09
17.2 2.0449e-09
17.4 1.22046e-09
17.6 7.22282e-10
17.8 4.23801e-10
18 2.46506e-10
18.2 1.42119e-10
18.4 8.12078e-11
18.6 4.59912e-11
18.8 2.58194e-11
19 1.43734e-11
19.2 7.9389e-12
19.4 4.35399e-12
19.6 2.37305e-12
19.8 1.28626e-12
20 6.9355e-13
20.2 3.71803e-13
20.4 1.97778e-13
20.6 1.0401e-13
20.8 5.38024e-14
21 2.72169e-14
21.2 1.33928e-14
21.4 6.38976e-15
21.6 2.96294e-15
21.8 1.36099e-15
22 6.49872e-16
22.2 3.40181e-16
22.4 1.94869e-16
22.6 1.14842e-16
22.8 6.47312e-17
23 3.30079e-17
23.2 1.45667e-17
23.4 5.07942e-18
23.6 1.16926e-18
23.8 2.15144e-19
24 1.35311e-19
24.2 1.45039e-19
24.4 1.23516e-19
24.6 8.22721e-20
24.8 4.41425e-20
25 1.9238e-20
25.2 6.51025e-21
25.4 1.38154e-21
25.6 1.07194e-22
25.8 1.73753e-23
26 3.9229e-23
26.2 3.98813e-23
26.4 2.69864e-23
26.6 1.39465e-23
26.8 5.73512e-24
27 1.85872e-24
27.2 4.42451e-25
27.4 6.76226e-26
27.6 8.57678e-27
27.8 4.13637e-27
28 3.37279e-27
28.2 2.1773e-27
28.4 1.11164e-27
28.6 4.68657e-28
28.8 1.6612e-28
29 4.75818e-29
29.2 9.8847e-30
29.4 1.56761e-30
29.6 5.01219e-31
29.8 4.0811e-31
30 3.34434e-31
30.2 2.78067e-31
30.4 1.93652e-31
30.6 9.86602e-32
30.8 4.63967e-32
31 1.00392e-32
31.2 7.74413e-33
31.4 2.43196e-33
31.6 6.74821e-34
31.8 3.72956e-34
32 2.63288e-33
32.2 3.61093e-34
32.4 4.08816e-35
32.6 1.22801e-34
32.8 8.192e-36
33 2.19287e-34
33.2 1.95582e-34
33.4 5.1588e-35
33.6 3.74296e-36
33.8 4.87016e-36
34 7.31109e-36
34.2 9.49766e-37
34.4 3.55911e-37
34.6 8.18344e-38
34.8 9.7481e-38
35 8.64224e-41
35.2 4.12346e-39
35.4 3.95489e-39
35.6 1.19222e-39
35.8 3.33619e-39
36 4.53528e-39
36.2 1.75699e-39
36.4 3.23148e-40
36.6 1.61834e-41
36.8 1.39932e-40
37 7.15259e-43
37.2 1.69204e-42
37.4 2.31343e-44
37.6 8.56624e-43
37.8 1.17047e-44
38 1.81269e-43
38.2 1.38646e-44
38.4 6.98756e-44
38.6 3.16471e-44
38.8 7.57878e-46
39 4.82756e-45
39.2 5.00621e-47
39.4 4.95167e-46
39.6 2.46708e-48
39.8 3.76201e-47
40 9.15634e-47
40.2 9.389e-48
40.4 4.15654e-47
40.6 2.0244e-48
40.8 2.00033e-47
41 2.30095e-47
41.2 3.07457e-47
41.4 1.01853e-47
41.6 3.80527e-48
41.8 7.68009e-49
42 1.06299e-49
42.2 4.73034e-50
42.4 2.14459e-51
42.6 6.40091e-52
42.8 3.71963e-53
43 7.43666e-53
43.2 5.75958e-54
43.4 2.4969e-54
43.6 2.19125e-54
43.8 8.765e-55
44 2.10923e-56
44.2 1.14236e-53
44.4 2.40605e-54
44.6 4.83627e-57
44.8 1.81207e-55
45 1.38493e-56
45.2 1.03654e-55
45.4 1.96844e-55
45.6 4.19843e-56
45.8 1.26902e-54
46 4.85278e-55
46.2 9.34296e-55
46.4 5.70521e-55
46.6 2.7856e-55
46.8 1.5582e-54
47 2.7782e-56
47.2 2.42354e-55
47.4 6.95792e-55
47.6 2.55718e-55
47.8 4.68323e-55
48 3.0491e-55
48.2 1.46752e-55
48.4 1.27287e-55
48.6 3.12156e-55
48.8 1.76107e-55
49 5.10227e-55
49.2 9.31645e-56
49.4 1.86536e-55
49.6 4.6718e-55
49.8 2.47017e-55
50 4.06749e-55
50.2 1.19782e-55
50.4 9.14741e-56
50.6 4.64205e-56
50.8 3.23267e-56
51 1.3934e-56
51.2 4.97196e-56
51.4 2.55089e-55
51.6 5.79425e-56
51.8 1.85222e-55
52 4.35784e-55
52.2 1.03394e-55
52.4 8.69002e-57
52.6 1.23931e-56
52.8 1.99592e-55
53 2.34517e-55
53.2 2.81911e-56
53.4 7.25351e-56
53.6 3.61417e-55
53.8 8.97454e-56
54 9.44627e-56
54.2 8.89698e-56
54.4 1.29893e-56
54.6 5.67385e-56
54.8 1.69293e-55
55 1.15163e-55
55.2 1.56904e-55
55.4 1.13868e-55
55.6 5.15639e-56
55.8 1.20939e-55
56 2.64543e-56
56.2 1.50851e-55
56.4 5.49055e-56
56.6 7.44188e-56
56.8 1.84678e-55
57 2.08955e-55
57.2 9.45286e-56
57.4 2.8944e-55
57.6 1.92259e-55
57.8 3.29773e-55
58 6.70997e-56
58.2 1.34219e-55
58.4 1.6307e-56
58.6 6.26558e-56
58.8 7.48038e-56
59 4.0992e-56
59.2 1.97208e-56
59.4 2.15619e-56
59.6 1.1974e-56
59.8 7.52081e-57
60 1.76048e-56
60.2 2.31878e-56
60.4 3.23224e-56
60.6 1.01866e-56
60.8 2.01997e-57
61 3.38288e-58
61.2 5.35553e-59
61.4 8.41307e-60
61.6 1.34093e-60
61.8 2.20868e-61
62 3.85697e-62
62.2 7.35292e-63
62.4 1.55686e-63
62.6 3.62929e-64
62.8 9.00446e-65
63 2.279e-65
63.2 5.69644e-66
63.4 1.38234e-66
63.6 3.24162e-67
63.8 7.36466e-68
64 1.63111e-68
64.2 3.5394e-69
64.4 7.5599e-70
64.6 1.5933e-70
64.8 3.30075e-71
65 6.66568e-72
65.2 1.31279e-72
65.4 2.61837e-73
65.6 5.79558e-74
65.8 1.54542e-74
66 4.77185e-75
66.2 1.46103e-75
66.4 3.80747e-76
66.6 7.86951e-77
66.8 1.28438e-77
67 1.69915e-78
67.2 1.87752e-79
67.4 1.79193e-80
67.6 1.52797e-81
67.8 1.19056e-82
68 8.72443e-84
68.2 6.39046e-85
68.4 4.89222e-86
68.6 4.10921e-87
68.8 3.57029e-88
69 3.63737e-89
69.2 4.4847e-90
69.4 5.41702e-91
69.6 8.11635e-92
69.8 1.70329e-92
70 3.13139e-93
70.2 4.13955e-94
70.4 6.9555e-95
70.6 2.13008e-95
70.8 7.3156e-96
71 1.81417e-96
71.2 3.20263e-97
71.4 5.34948e-98
71.6 1.31084e-98
71.8 5.19368e-99
72 1.92919e-99
72.2 1.02303e-99
72.4 4.10997e-100
72.6 1.56702e-100
72.8 9.13766e-101
73 1.03883e-100
73.2 6.10376e-100
73.4 1.19746e-99
73.6 6.36155e-100
73.8 5.96181e-100
74 7.55762e-100
74.2 7.70482e-100
74.4 2.961e-100
74.6 9.10208e-100
74.8 1.1251e-99
75 1.54345e-99
75.2 5.60271e-100
75.4 1.26142e-99
75.6 3.35991e-100
75.8 1.87005e-101
76 1.45832e-101
76.2 7.82787e-102
76.4 2.45308e-102
76.6 5.47088e-103
76.8 9.71139e-104
77 1.46166e-104
77.2 1.93934e-105
77.4 2.3278e-106
77.6 2.5749e-107
77.8 2.66289e-108
78 2.60639e-109
78.2 2.4422e-110
78.4 2.21602e-111
78.6 1.97131e-112
78.8 1.74247e-113
79 1.55296e-114
79.2 1.41678e-115
79.4 1.34176e-116
79.6 1.33305e-117
79.8 1.3961e-118
80 1.53875e-119
80.2 1.7727e-120
80.4 2.11483e-121
80.6 2.58906e-122
80.8 3.22929e-123
81 4.08428e-124
81.2 5.22504e-125
81.4 6.75598e-126
81.6 8.83121e-127
81.8 1.16783e-127
82 1.56328e-128
82.2 2.11886e-129
82.4 2.90719e-130
82.6 4.03486e-131
82.8 5.65835e-132
83 8.00723e-133
83.2 1.14183e-133
83.4 1.63857e-134
83.6 2.36333e-135
83.8 3.42208e-136
84 4.96945e-137
84.2 7.23017e-138
84.4 1.0529e-138
84.6 1.53314e-139
84.8 2.22978e-140
85 3.23528e-141
85.2 4.67697e-142
85.4 6.72679e-143
85.6 9.61141e-144
85.8 1.36211e-144
86 1.91152e-145
86.2 2.65203e-146
86.4 3.63173e-147
86.6 4.90145e-148
86.8 6.51022e-149
87 8.49907e-150
87.2 1.08936e-150
87.4 1.36962e-151
87.6 1.68792e-152
87.8 2.03812e-153
88 2.41074e-154
88.2 2.79363e-155
88.4 3.17322e-156
88.6 3.53634e-157
88.8 3.8724e-158
89 4.17576e-159
89.2 4.44775e-160
89.4 4.69849e-161
89.6 4.94792e-162
89.8 5.22642e-163
90 5.575e-164
90.2 6.04539e-165
90.4 6.70022e-166
90.6 7.6133e-167
90.8 8.86963e-168
91 1.05646e-168
91.2 1.28021e-169
91.4 1.56905e-170
91.6 1.93378e-171
91.8 2.38449e-172
92 2.92982e-173
92.2 3.57616e-174
92.4 4.32687e-175
92.6 5.18155e-176
92.8 6.1354e-177
93 7.17887e-178
93.2 8.29744e-179
93.4 9.47176e-180
93.6 1.06781e-180
93.8 1.1889e-181
94 1.30745e-182
94.2 1.42033e-183
94.4 1.52439e-184
94.6 1.61667e-185
94.8 1.69449e-186
95 1.75559e-187
95.2 1.79827e-188
95.4 1.82143e-189
95.6 1.82462e-190
95.8 1.80807e-191
96 1.77263e-192
96.2 1.71973e-193
96.4 1.65125e-194
96.6 1.56947e-195
96.8 1.47693e-196
97 1.37627e-197
97.2 1.27015e-198
97.4 1.16116e-199
97.6 1.05167e-200
97.8 9.43833e-202
98 8.39467e-203
98.2 7.40075e-204
98.4 6.46809e-205
98.6 5.60516e-206
98.8 4.81612e-207
99 4.1072e-208
99.2 3.46313e-209
99.4 2.94054e-210
99.6 2.3104e-211
99.8 2.485e-212
