-0.24539711157603797
0.06068564179791959
0.03876438747216614
0.1294389585292309
-0.044092507634748444
-0.4996337262005599
-0.4606779416958363
-0.13117633643700807
-0.3609053863255976
-0.3409051580906229
0.3913715711759839
0.17256243030450305
0.24267871119684026
0.42907354947597953
-0.0554722245133424
0.04608324841439666
-0.006020630304259567
-0.11013490972687169
0.1052243817761167
-0.3958934859299025
0.02880647959374176
-0.5896451966080107
0.7841591749238568
0.03285776852974677
-0.3370741331127682
-0.48542381279957536
-0.19853459756087152
-0.552831784914657
0.8621876164662966
0.5357910261362113
0.25220961522244556
-0.01611249325507939
-0.6066304631995357
-0.4657110955724587
0.5792882558205059
1.2121869186779466
0.7729556201754747
0.3446129172217933
0.24919018882823707
0.7357803180360654
-0.5651192504858927
-0.7033958047361093
-0.003769789509709265
0.12905498275477162
0.07648245533776304
-0.8235127296137309
-0.13126396405582094
-0.10666554303848885
-0.10363252036054943
-0.16863410087143277
0.2682052099208812
-0.006201195577377404
0.33530295272448896
0.3687065839911331
0.0010886733940092142
0.7991707286370918
-0.6813458786464902
0.3110092329780944
0.054880720753478864
-0.03979560001257651
0.5578471851004733
-0.03320302254306414
-0.7856943109728101
0.0847386044110332
-0.6784056797724146
0.09067857931169951
-0.5576753181230751
-0.45006607397110854
-0.11013721789469096
-0.0649866913053828
0.029345244926719867
-0.6624346903120303
0.4278131140375768
0.48278942722193163
-0.15540852651602188
-0.027413656293274153
-0.14087487757852762
-0.21959129415930487
-0.005098191505641357
0.17828926440378384
0.27176468929581654
0.4776761406264938
-0.13590988717371386
-0.19523334051857658
-0.04154779456320409
-0.2179863769554591
-0.11754851211779947
-0.04738890629950628
0.08244220632346061
-0.05664610411916548
-0.29651799505152276
-0.3868504415356922
-0.21020425163369943
0.44986759917298424
0.4777891295149617
0.5404788093016858
-0.8362143063532128
-0.23140334787427483
-0.6461995904551617
-0.4287500087141308
0.8733345347986364
0.2422155626579861
0.1151479453578147
0.4565932044108212
-0.7757134922812415
0.12051274938783207
-0.32322120693585615
0.7003683348225166
0.5055605717448886
0.14687708745594633
0.13962549154430468
0.16780203123066695
-0.6986310163201038
-0.5317134427921524
-0.5385819654719567
0.47858166636202737
0.28068307816804255
-0.1604192767290539
1.2179739676133503
0.88241899807229
0.032092687043302114
0.10853958948656985
-0.39161780416906145
0.09328698854361596
0.05403451523631305
-0.051451834076816604
-0.3753634772011228
0.08457769056325692
0.08689419685526846
-0.13116346656044844
0.45646709564924215
-0.23917309237667217
0.4164577741129008
-0.5687749102152856
0.30048552699516146
-0.201187823661714
0.7904498061981382
0.7227823205274313
0.07572348416790058
-0.4117816270365564
-0.4095685806925716
0.035791074306556134
-0.5130794899354888
-0.02844963400653935
0.10987389735973285
0.5650206285768844
-0.60396674121848
0.434200615413384
0.5088788345016007
0.06340140024871434
-0.33937013632543844
-0.39119928030664697
-0.4934075282322694
0.46900479559903613
0.47678424513581946
0.5016157988603345
0.12425535642368399
-0.07111011755223952
0.33409125947622953
-0.03539895627386311
0.21846819130799072
-0.05643325921605809
-0.1517621718290046
-0.0035152411558357446
1.2332552492729159
0.057606145286512346
0.5193966700498089
0.293185236057852
-0.03151717866025434
0.07963014005613754
-0.8246407799121057
-0.2598170353407526
-0.09973310122599668
-0.583279083927628
-0.027519957563047724
-0.5318074515705291
0.13911749388676004
-0.027599279156626324
-0.08104745715174613
-0.5952797335342324
1.1481904662597886
0.4247345763892138
0.7702742518910096
-0.033496143575627677
0.22508050205942168
-0.1892241897280395
-1.0599769048046752
-0.24076783159402732
-0.5856980032030313
-0.24207810319527615
0.5141251021193692
-0.1306553106571175
0.45171257201801557
-0.32231593816602494
0.4833678117900664
-0.015962667669687874
-0.08003877547464952
-0.09173774763408982
1.096988828101393
0.23336300928329407
0.2261810530417156
-0.43902910311274845
-0.8648222449823045
-0.10381187500779364
0.42963955034368057
-0.01502006140339879
0.05288369814292478
0.3179764264275556
0.4978965661066883
0.10919021634098226
-0.4899834666494846
-0.22574179620586765
-0.5138202781769201
-0.1081343263391204
0.12304049458004089
-0.05832543483069825
0.13749096810257957
-0.5381071891764148
0.566070589477948
0.18732516335648866
-0.4259329878464146
-0.14252510543295116
-0.12193739425043504
-0.2519380826005018
-0.0853463125024915
-0.47721256536154477
0.1634824064980666
0.0792551376570803
0.08526038168746271
-0.5418194416111477
0.4999645351725403
-0.028094857373117472
0.06387662261911788
0.2247121821145729
0.1219965111582794
0.4823511862910608
-0.03463095350022582
0.8514446595675095
-0.04379515899186786
0.7098954085323264
1.1463718146868398
-0.7847126585535014
0.4573372953022934
-0.9184973883964231
0.1944335879739616
-0.3965821257153892
1.095191649919413
0.04548597250729131
-0.03126741376581079
0.366454069269726
0.27197880859508744
-0.07332022839256885
0.8006951440632359
0.9886008898401556
-0.10797319789686241
0.30691701064632276
-0.4766073975816474
-0.3318703736818921
-0.4388410470452804
-0.47127752271542367
0.48994257801658425
-0.010764461329569226
0.37044618594578677
-0.5117989543574509
-0.45088116359094516
0.14256063417160733
0.19548526457940632
0.3419798620868423
-0.1876275008744246
0.01595183166063662
0.4975876858013578
0.04134808294041911
-0.23806730239722987
0.673047987609114
1.237620237109004
-0.013868168047053918
-0.18634608676101877
0.3877356460847278
0.011510862291784814
-0.5322690311101893
-0.42992779065644454
0.9462874106719518
0.03248072685612157
-0.4220820723263155
0.031037597413171896
0.046360934076624956
-0.3087342747908003
0.2908484844026875
0.3057759178783149
-0.5788241880252177
-0.3452069691002419
-0.5488034052241482
-0.16612201331838608
-0.2688762437949553
0.565572850580103
-0.11961964563592878
0.02579301356668905
0.0416613201650225
0.00005139875958158787
-0.0032864550733652086
-0.3062619061693078
-0.05656917207343641
-0.007801792241380139
-0.4435340500358791
-0.034384058891192164
-0.5554524005404072
0.412894579451711
-0.45706071518842123
-0.19077557586732366
-0.5217025690922292
0.45301538718332496
-0.19483681574223966
0.7380398884627687
0.21478528770888075
0.41184007640972464
-0.06888466956894569
0.18284317126575617
0.48856568310678417
-0.5093287729374577
-0.3442052002472791
0.05591388101861966
-0.3871434321150475
0.32961719655039157
-0.0656524932725584
-0.19251079394170764
0.060302838476833556
0.485069339384908
-0.11870071075764746
0.014965845124084193
-0.016944512548705205
0.11843919566233999
0.4065608554990083
-0.5849893267264179
0.47643423045267275
0.13078979782909037
0.058933334473339094
-0.06285958045356996
0.11550537998010381
-0.4867219208893238
-0.21846618121152947
-0.3472496838634334
0.11772714282189883
-0.19956356552967724
-0.5819603021964788
0.5040975954539553
0.8228314535700256
-0.17611821362755428
0.07530430752820397
-0.27201293312352526
0.06068049379122435
0.5634606678072914
-0.18384203115547032
0.4026457397147823
0.8014104722955215
-0.12814850389098748
-0.026106924360864127
0.1286254140961193
0.053361483018600366
0.03454780711146825
0.3958850308639533
-0.3338935840613287
-0.007838363669112931
0.5584791807637092
0.019493306918189676
0.2767241664290073
0.7476563539963943
-0.5255295437698497
-0.5607457604468981
0.5694625001810631
-0.07717031672856807
-0.19221272886322383
-0.0678553073934765
-0.5598573213024873
-0.9513504155223979
0.622955710474118
-0.5572394526125696
0.4137179881269186
-0.04804559186574619
-0.10081347078321502
-0.5689049035845833
0.38093644198842785
0.11082085581504329
0.1642562804471313
-0.453299516048409
0.34028575751954876
0.04819188353216896
0.837077830092833
-0.2813600620888444
0.519958042599577
-0.10476700196320779
-0.28692490375460666
0.4628934598740593
0.560554897595502
-0.5712021263392147
0.17663478691839807
0.11009540934117637
-0.43251981711115667
-0.22246601378641387
-0.5004117915350776
-0.05379789671300524
0.00501108117588066
-0.49315685939146015
0.10870879708923634
0.3709468740859084
0.7384936789807687
-0.05503944007541515
0.4829091610936651
0.6434448608340133
-0.631494909575715
0.008555166980559923
0.01637397058869852
-0.5312872424236063
0.8999931978492393
-0.3661685099802633
0.053080241724610615
0.20904773176109226
-0.20497097245067686
0.3383594153346397
-0.07101745600754752
0.01670982328409695
-0.053391652222579064
0.18327459481308203
0.07180857893448027
-0.14593686254414948
0.27601503736000466
-0.27553430951659086
0.1443974965890058
0.19156500939807958
-0.15531560580595136
0.17754023196035348
0.033323211345340324
0.04065318168349103
0.18076679677205804
0.01109255291070355
0.03986336733363004
-1.1279179110906519
0.7229602128450812
0.06317032348318735
0.05736459624234251
-0.15458046011336096
-0.503204168741362
0.45393497322042364
0.28554431684685944
-0.2491360915414823
-0.08559697789907529
0.5458370787447326
-0.0006646587932124787
0.15023702665028066
0.08341533333225917
-0.15541765329881552
0.11264166811729892
0.8482622349503084
0.42993456113000544
-0.1312621630142924
-0.470767608245027
0.055463463331538225
-0.272517192030681
0.5614548401379678
-0.5411524607215727
-0.015376818984804023
-0.03621898171661591
0.5230509248336891
1.0242485484696535
-0.11971571229513701
-0.5767305534522357
-0.036416803263512175
-0.23304095722831208
-0.09019641289682817
-0.44091513286089573
-0.07221691027587396
0.0717526430602196
0.028473032813426398
-0.02282996976798969
0.47910037841298253
-0.07784689940219985
0.520359223723968
0.8890195107728041
0.38703222503152795
-0.030972904380424316
0.22643203445926025
-0.4326234833449385
0.39127994409603983
-0.19573328899965375
0.4543464521612925
0.4205624479857172
0.445317645063021
-0.3128033217161127
-0.37388947422026153
-0.02439057394593462
0.39922136379215656
-0.7112599147564798
0.1602273395820269
-0.5730705647925632
-0.22873930516183663
-0.20643854718191385
0.05569269162578453
-0.02012863161952851
0.23243276452006953
0.04560586830724528
0.2066667666027481
-0.10006435299134325
0.1426661105655446
-0.039441772730079504
-0.2384170635013172
0.40841205521173135
-0.008916624674483292
-0.0616150105946508
-0.548461273788119
-0.25951590721553475
-0.5727216957785649
0.47710638210732825
0.09266572818452495
-0.3895129924394984
0.013710375962047007
-0.3863815544489722
0.5575813726294624
-0.27963581673708066
-0.49667475272055367
0.12138990830291461
-0.6596078758413982
1.0512785996803915
-0.848576006234211
0.23339857757539562
0.051514953929938906
-0.2966477208472203
0.04621840478463061
0.4305810876402418
-0.20984741055164177
-0.4501251111965707
0.1556250130269752
-0.08605445468971609
0.3189660829569258
-0.4639095936332266
0.3846591638650292
0.018196906581526024
-0.11263270682268135
0.2986272096757949
0.05562544721202701
-0.33620543219023713
0.21122358323533194
1.1587893145184385
-0.14705990243207276
-0.1193176299601986
-0.2083783001026943
-0.5095897198120514
-0.29837798783579983
-0.4016348114128827
-0.3603487290423612
-0.015521433639642269
0.5680054299625896
-0.5877755669996754
0.9520424645477298
-0.4969764551258726
0.09524763385769158
-0.3929705195875432
-0.4794745980080915
0.07564005305352335
0.9071415801080437
0.013895590515119877
-0.43718163720238157
-0.08292359481515757
-0.40912776709089715
-0.07931689237739667
0.5042900941274397
-0.5481301249447016
-1.0957383971366208
0.44487474723641096
0.2127926979061088
-0.33957764763811804
-0.1686179754633438
0.997227949325091
0.1094375907722147
0.4047206593843021
-0.10278322274293096
0.023446008915313704
-0.05146280858291929
-0.3311084561123578
0.21958555422078718
0.20754294420617095
-0.34033130968089703
0.003549406842393948
0.1943403139221886
-0.6057065647303851
0.4003073169609156
0.04662961081321115
0.5686568504765864
-0.21422232581985648
0.11836701372716735
0.04118613427733972
0.4663969704131151
-0.043718801001323686
-0.9037130408106561
0.0511947246071692
-1.0017074050346142
0.056754442770866054
0.752839940438567
0.3123659032263122
0.8578570048113294
0.5744809157788537
-0.020016119279711173
0.02134991669236954
0.11088882651560629
0.2159646946821327
0.37731585904156223
0.5182499677076531
-0.21142341556440458
-0.021533963949465412
-0.4021441991120369
0.0064169617508796845
-0.28004463846596866
-0.42536483402185704
-0.07930823755400361
0.46256522740407346
0.0401040792101155
-0.023834789431691476
0.8632635808955252
-0.15412435688829346
-0.3777289468990995
-0.5080960479960444
-0.3040638490606809
-0.8773484075782859
-0.10050711980857183
0.045443814192677456
0.025581174460084108
-0.4577496186446994
-0.33714218606475915
0.7867849417283068
-0.505343626805462
0.48718797735874253
-0.18889870805310133
0.4542340387448173
-0.5401737110903285
0.143934365229391
0.7525495749595393
0.2176734047067654
0.00627929903377248
0.23173324147832003
-0.46811328109592154
-0.5255971683907781
0.08359633621168082
-0.06600743607413076
-0.7195075175956603
-0.318703693514706
-0.032605347675568906
0.09545672783490593
0.0011985374074990698
-0.4637941328943732
0.39738901724205655
0.016451611911858118
-0.5246316772034304
-0.13016765503678843
-0.6471626671730888
0.36901081947820386
0.5577354159045121
-0.1411169117339446
-0.022826995261561088
-0.1455126916451896
-0.2465352689495232
-0.19978074849245347
-0.3043621490090928
-0.08610735756659753
0.17003620097777977
0.06142945704089693
-0.06220772883371216
-0.2501342086217161
-0.11888505660995481
0.4060363910530026
-0.41142578444795985
0.10852515437555663
0.1839580585677341
-0.4184587364935697
0.005974431112828123
0.9165450152304405
0.1225814450577089
-0.5096063989296682
0.07715303503457835
0.10227616975925938
-0.0642987119615302
0.05916176648722879
-0.335754665486266
0.04085199902668622
0.3940097807878161
0.5762372856954783
0.5688648272415227
0.32669149559257865
0.44266641414672037
0.43700638058018254
0.4977287203957457
0.4736280232387786
-0.18676266522628418
0.18621398799090186
0.00014175573149445575
0.14988898792640226
0.4438406058600557
-0.9393335935146371
-0.10136964657560849
0.46067503099941765
-0.338584440639781
0.5641594696706302
0.20420999672428758
0.0908993548219633
-0.030756225188562438
-0.1125039626154978
-0.12551272018453746
0.3362771206505768
-0.30660111186906
0.09543321974137677
-0.06692670033917186
0.5502489322251811
0.12748485586856942
0.013980187673176771
0.1267803293077618
0.16438719860515552
-0.12624387888700772
-0.766285537761737
0.08075845932207701
0.30539480567717003
-0.39312883506398993
-0.05931420901448924
-1.1248250706619718
0.06241136966228917
0.05290449967690166
-0.717550426097917
-0.27166925778932055
0.7486158923068945
0.054096736526657016
-0.09025856084738726
0.42701483601337475
0.5283720817560121
0.5681130790510242
-0.01570687443266438
-0.18957538314343697
-0.6163293315469212
0.5539426656162088
-0.30346373817314315
0.5683695744265983
0.36092804767633324
-0.18864849119197502
-0.021034078112170482
0.12014174768855895
0.8080505767377861
-0.7563556681686237
-0.20988678205360997
-0.15443796025347564
-0.01154800967454677
-0.5687049959538933
0.340065175251518
-0.12257189071060241
0.4713004869598513
0.6563024926212807
-0.05951928259607503
0.5327055426412698
-0.27902947083719765
0.0681735793464312
0.4438874902930116
0.3264759046176883
0.7569659695155962
-0.36850384865137803
0.32001601336336755
-0.10874630287854585
0.5974295141621001
0.23021995929823907
-0.01778068640092793
0.3407363332698441
0.2272410886900674
-0.012596416925264609
-0.00366130811175777
1.054200327965178
-0.4962380913625997
0.3256220810336607
0.4657105456526139
0.02073295663534812
-0.2149140896777912
0.07168872086655316
0.42033087266191627
0.5487351646966733
0.18787991140982538
0.2068219512829524
0.13891613156347513
-0.015487436368913867
0.43373644363849573
0.49236245875601387
0.5825023755502324
0.09490948733740191
0.3793875740008108
0.17660336622748007
0.3254150139148439
0.43115586147967483
0.06681526511032723
-0.10684960121372541
-0.16901612651721065
0.07724022839791232
-0.1152718098989181
0.44028123793116614
-0.13481405759691475
-0.10753430005665482
0.11011839420643948
0.10879129857078738
-0.9506858879840192
0.0807361233629623
0.5248478606397369
-0.5770892244959472
-0.5162286006872238
0.9106140566593988
0.1553338710173199
-0.1308384248824677
-0.1704469982693645
-0.1183867785114065
-0.1788725413645056
0.44347406706642645
-0.1909512843936552
0.5035839344287284
-0.4337824120413302
-0.014242062386464336
0.27394972564209924
-0.09992274773479974
-0.030966071792954804
-0.2306418961525603
0.5382712447114653
0.005522107320149718
0.4999920068684681
0.2569998444115133
0.006136748222206403
0.9220131490201723
-0.14492366980765084
0.4547018826837489
-0.025123700027619777
-0.039898552434567545
0.48123986968492416
0.013361618227547117
0.46294148408921054
0.531519623113679
-0.4908974158465367
-0.11362617032263912
0.07110364618943313
-0.02561137993801601
-0.08834258853262171
-0.04902173022844431
0.12007643003274793
0.11608411220768936
0.04795278248921412
0.21523524720027193
0.3200020093567575
0.189386352891843
0.06874710358910084
-0.7876438054692135
0.012686537508055217
-0.08378444752242234
-0.39597685718476405
-0.17378810043059312
-0.5152172247602502
-0.7339173607136124
-0.28992821070950703
-0.45047873665604854
0.2847305292228751
0.2051700834624265
0.10363306296337475
0.5532102890472947
-0.10627355208677008
0.0632019643678401
-0.5126243895417888
0.5926852416491887
0.022912019143379956
0.04241528113529349
-0.014500482669479398
0.5032430532946195
-0.07843463689052767
-0.8731869367593548
-0.015469074871241483
0.45869526499996144
0.08831781583983765
1.0059315532709363
0.5067971079218277
0.022960166863002236
-0.2578317905873371
0.07278908723835359
-0.08124877994132651
-0.25562327761706305
0.5484684746779563
0.2925582580690386
0.031369736235415294
0.7368121642053103
0.042202012765104734
-1.0897363322959852
0.7566081033500971
0.03472101075397254
0.9939212793538655
-0.23427002170201414
-0.534607067174946
0.14734357174746326
-0.3164713778855191
-0.4070950364453281
0.1268180790113998
-0.3477229589965605
-0.3751175079826996
0.22176816342763947
0.543730309553647
-0.015889243938586844
-0.5244197137382955
-0.4614281031177986
-0.42831566434160595
0.5074104552828059
0.5767210067445931
-0.4109579962338599
-0.17583247484416553
-0.14138671189585794
0.20092636919582407
-0.9642499451596236
-0.49656013370862256
0.0905602482074034
-0.4260560471545887
0.17920134073691682
0.4192279120586918
-0.6204616953324846
0.7611842805208255
-0.2794690083616036
-0.2674578746268072
0.47419237250416874
-0.1614552908779288
-0.3245795497539216
-0.21832161254449375
-0.12777961745175828
-0.4445708849927365
-0.1997959411810408
0.0533540270987906
0.09486419985826641
0.29817105387535936
-0.03358109982293427
0.009958467626243713
0.3340093159403969
-0.7573414534303331
0.09039975577387198
0.13993577064594376
-0.5449581854555016
-0.44686095799302145
0.7103245278422571
0.0022596129665230402
0.06903597633486498
0.07307444196785694
-0.785394649539783
-0.42305189168918794
-0.20268234060703078
-0.3155549947368294
0.19354156774518413
-0.061314050481930164
0.6860070218065711
0.5552080237779633
-0.39924825633155947
0.8107400666555378
-0.21624492556687053
-0.07219642697727718
-0.17557170262458124
0.015663807367203336
-0.5099742777007448
-0.5455372821062641
0.07712218350010863
-0.6704788334203831
-0.1896590728116964
0.5773024212391684
0.09356217366259584
-0.5675664336159317
0.28542299444125113
-0.26342493780971366
0.4024646706461632
-0.5612882791251361
0.12307060177293623
-0.2834396306902312
0.1738041614932098
-0.5076388282685218
-0.6204538154908406
0.3969450635098517
-0.3779996669336676
-0.17178724974118864
-0.5082210316595535
-0.6678418657271746
0.7965271578075104
-0.23187006900352522
-0.07788453647114998
-0.44210892131111323
0.38560345380914496
0.7447468305346618
-0.5137424491689165
0.33573008437606355
-0.10146936861961753
0.1045706258708701
-0.5098143972827003
-0.17375301079716035
-0.11899638416430423
0.09049117531735959
-0.08408171194308824
0.3003071112049977
0.5360775432148308
-0.5264464611893432
-0.15321732448036998
0.3066590555130905
0.09754449771752226
0.26350364349964495
0.06016169382977348
0.11607366453989709
-0.061772892682853305
0.2172774032328141
0.10028433957564786
0.10293105654430511
-0.10595988516596914
-0.0914056395166168
0.021728836481471024
0.005629772245325835
-0.24308914745034124
-0.3248192774775785
-0.15240468565167298
0.22020024416124392
-0.18982617871598279
-0.00337453369593533
-0.1383151920800464
-0.1305832354183049
-0.5515692497585635
-0.2763241875685806
0.2223562510078889
-0.0004376630182774826
0.12812034033864994
0.38103714385851023
-0.13507281917500202
-0.5317251779703831
0.11487604829235701
0.010287287453062033
-0.7919248918370687
0.39487290867164787
-0.9365334800511929
-0.15921249041422272
-0.4644164088583777
0.2727402936187593
0.07515723608008461
-0.2450872902139954
0.14960580009140387
-0.3430444282753058
0.19197025800770617
-0.3091389183641701
0.15814782941886948
-0.5169693350789432
0.07702668759999716
-0.22149929276184788
0.07571883380866293
-0.4363492904751968
0.5980546662122851
0.13674296578187686
-0.11787892647159212
0.050794728815396685
-0.9678184132520552
-0.008672476922404273
0.3434094448483151
-0.15668305171150504
0.4079447985212317
0.08846016163552828
0.4580762611777091
-0.1512676631232012
-0.1298457772831867
-0.8205128263986992
-0.04924803708040925
-0.39481943218811333
-0.1282876618544087
-0.47716784704177023
-0.1438023631189916
-0.010524936641713625
0.8815543272651172
0.25786471504650305
-0.5748099262592341
0.17053986319956568
0.5202845233210154
0.18079906252020497
-0.0875371153095209
0.29104450833968126
-0.03114834623355375
-0.3283242628422834
-0.39837094368235754
-0.03807733113721458
-0.5177450092032571
0.20313988631713376
-0.02984872292273981
-0.70420913164227
-0.06988881166379803
0.07243932330106864
0.015402440745283357
-0.2795961173971041
-0.5045929308837384
0.36672121916683886
0.4940867716030643
0.01791347242115248
-0.30041392639288866
-0.9173021302700253
0.49725613030825394
-0.20475040477793452
-0.32144622675146917
0.4688594739757344
-0.20579049231079277
0.12747416747869394
0.08091651655035559
0.05871488570121499
-0.20387260473795732
-0.013837875344416986
-0.06572390728856406
-0.08749068448312806
-0.030030989937572902
-0.8991095600534861
0.1462484605876278
0.5647460335190008
0.49610816799729296
0.1142141822686023
0.6734861420809041
0.45405766559065414
-0.03801708611098785
0.5396612451130017
-0.13910196664051896
-0.5206564563577742
0.539833729308057
0.6959838833206479
-0.1607276625473102
0.1721469487426608
-0.004042152395942972
0.09189737593326462
-0.2957995893804736
-0.10308341433643116
-0.5729685108948959
-0.07426329903320208
-0.45293127336346994
0.3766060174384378
-0.0577217304713367
-0.7989580856148265
0.4177413309940695
-0.48081817827653933
-0.4575878002690904
-0.4448405373211735
0.03584150158026901
-0.03374863416553349
-0.037663261389233434
0.18998263067670546
0.01041495616870159
0.727706199595542
0.17475412454145844
-0.23041923375238155
-0.4142696248721314
0.537487641950597
0.22030636557663233
0.10724826399176605
-0.4822290952864432
-0.4342138769184281
-0.17297172951413192
-0.1245696909394569
-0.025381023946327092
-0.5646183486601337
0.4147420336686762
0.18361616569025754
-0.04845084646754795
-0.45337567850290444
-0.04468558469540929
0.11969681884427942
-0.40971597676144805
0.06954908887732039
-0.14804289618151345
0.3509402759733981
-0.5763967763751384
-0.03516820113945108
0.49992191252070256
0.3747182563129381
0.5122568374983565
-0.09191853441345615
0.11817120108029844
-1.3347521300911955
0.2701177710348547
0.07713614113440852
0.019394222651741774
-0.7357971693818722
0.4447892524868086
-0.4290936775622855
0.21614699372376991
-0.29833028593503425
-0.1350370201170541
-1.0333232002903998
0.07206563363910712
0.317522856644032
0.621756799250038
-0.16925090590331002
-0.26381429429513636
-0.025933603739130305
-0.21789690767213166
0.6714641155884936
-0.054814814359602525
0.33186234708261725
-0.06988189303655248
0.32901759648194806
0.3843343763333932
-0.5217309200994064
0.4746068440579962
-0.025076429037724453
-0.2758661169426727
0.018567382495052652
0.4678617094961814
-0.7689362820316352
-0.49334312979423695
0.18148375161071106
-0.5328502818023001
-0.3347887508446112
0.09054931480834391
0.02972418088250224
0.8603526644389683
0.7509995515485657
-0.39158430439451414
-0.024408440050856402
-0.02948657430386625
-0.128022634393902
-0.4363044960798418
0.17526405260179334
-0.4742563126069825
0.4017330753267944
0.030213330460487645
-0.3190469365076038
0.2693184793292577
-0.7559607355850414
-0.044594739271452494
0.2276923321447606
0.07370896000417554
0.5033075699548533
-0.1732006171238934
-0.05210187932196361
0.045251291340335495
-0.12235140791740903
-0.06437253673966341
-0.04799153540930981
-0.16737738729407187
0.1355827335762357
-0.12933417702812602
-0.12963810387844685
-0.3983204606849823
0.47824214912846635
-0.33858545684987823
-0.4626416085641863
0.2362043017860705
0.2573894674726744
-0.05190081458571893
-0.5043411585593116
0.16406810625525156
-0.0598004162206276
0.4916409056784909
0.16684560958540437
-0.31176760350530275
-0.7542184126316228
-0.02307184665541947
-0.07531731561099525
-0.37798036007606395
0.4899022265868216
0.23041621297602635
0.3817419979751053
-0.3271144816164246
0.5518597050462593
-0.04099489405563938
0.161545377526671
0.047709929424563195
0.4513367591132664
-0.9486677540016017
0.2011137228245752
0.23385526954892927
0.8007565690890607
-0.13901515156580635
-0.39457106202674713
-0.1687761681342937
-0.0007505055768747474
0.3996945848399727
0.4568607484448994
0.6546299479597627
0.14735188984440106
-1.1786754580404215
-0.1806703623916039
0.05778139911003378
0.6120902481711181
-0.0812117956692794
0.44787425079531484
-0.20119891068403228
0.36849215004720043
-0.46806816599527734
0.17612913802653182
0.1615472878119857
0.9400173927121832
0.15372195189320292
0.07683408020328329
0.5926074487074499
0.1888591084775188
0.5221595632769429
0.5558968260676241
-0.0015889992535525522
-0.3895429377948396
-0.53138169277399
0.47433122329979777
-0.3796423811270408
0.16599778821788302
-0.07731931406994619
-0.0015834758653882487
1.0052836782117591
-0.5254518449794322
-0.0459188488045547
-0.7109901756837964
0.42049087159855586
