-0.16502519063333992
0.1559979514972382
-0.5042040592297741
-0.11413872583816034
-0.176418113850096
0.2841121693896818
-0.19112540324730617
0.3132652318913915
-0.2762809042726393
1.0580615537046034
0.2147743010035355
0.29457046465633374
-0.09264485440094312
0.20359106986110412
0.1560467888748963
0.4180055357051068
-0.3331542381241029
0.027870408174835364
0.20193587347192224
0.31693841831342673
-0.03829829473373339
0.11685131385790427
0.11127083154695518
0.261479910334094
0.5723435637391832
0.10056565846326003
-0.08074727508332527
-0.06490272458516563
-0.47837565283660094
-0.43620467490860565
0.2637984394906558
-0.5766532063804355
0.5010957943705373
-0.015127818659359762
0.528284668987335
0.3454663817482954
-0.1309860630389974
-0.2144930714091888
-0.10394384574543196
-0.5659722217925162
0.08803942586528875
0.29533927895956597
0.02048499417757172
-0.12504752918731424
0.03818529728581718
0.0923849739684783
-0.009553118538810882
-0.46782594732996674
-0.6151523835417981
-0.20471260279221465
-0.12195082923126087
-0.3103697451983188
0.1313354457397721
0.13429396651726744
0.3736679175352411
-0.10351547480236194
0.01868316679735792
0.33208993412664967
-0.07706249139297984
0.14704307148391063
0.23345546655974095
-0.13019761002850289
-0.02469248381301765
-0.035378754165030474
0.09496485406616563
0.12476133820786792
-0.15418529287844324
-0.34830133137075164
0.023560320260934103
-0.016892061740186457
-0.19752073459225167
0.3113856790324836
-0.49915817496493203
0.19171671090666154
0.12477296538117377
-0.3872360209305407
0.4567909841202443
-0.08392627207907026
0.3284193733063244
0.07199096052240103
0.2996504528091336
-0.017134008865798883
0.18019665940684895
0.3043268689312627
-0.4641093518238021
0.52039586633403
0.3056424967904308
0.0037882044222289925
-0.015793025232766707
-0.22532237711376457
0.07173919470943851
-0.054490436511124986
0.07098222045977366
0.30946641838622935
-0.5412905184987087
0.1322155040209664
0.22436366343738212
-0.18685120729598345
-0.056540749559035576
-0.42625211998684
0.1319101904434994
-0.23599339944641531
0.0993784389874091
0.5308586040425742
-0.14446383236972302
-0.05815908654100572
-0.10574203122042748
-0.04139717465858831
-0.04356056809136757
-0.3252177955672685
0.3025046476254647
-0.3284653570029104
0.2920491724060472
0.0067463495542524725
-0.15205366995203617
-0.22732111182134437
0.3550057706781902
-0.024711356329006083
-0.050809354843535576
0.021825941440174385
-0.13087528026946654
-0.003115551259186974
-0.16198405969293433
-0.06741767204344208
-0.04049408544050726
-0.07589608323822437
0.39097792436837203
-0.5142857478288023
0.0673592305541178
0.13971081871061194
-0.2627505097843932
-0.051048962869316705
0.11033020604043986
-0.10023211623716899
0.07990292399572971
0.3117691524279899
0.04306228804683901
-0.020851095498154067
-0.1627092919305227
-0.2617286674052718
-0.08261097535152581
0.27772509025042885
-0.509495621375937
-0.21929267803423455
0.26182572380858893
0.32342446333930946
0.12503500308298945
0.11290792947032195
0.39030606203625395
0.2241723455237317
-0.6957574361076322
-0.9372314838444281
-0.42052301414537474
-0.04832207377807803
0.2943995586005401
0.056212297401761945
0.47853030062023594
-0.20506644046529254
-0.44731719742745957
-0.14775615114592117
0.2583089506444316
0.012307361632958407
0.07580182770481202
-0.36589025222666266
-0.3929890320875252
0.23577124450005382
-0.22873431641560388
-0.10302816574699639
-0.052941687097909355
0.1269103450107947
0.5567798456411658
0.15251831032005694
-0.48739691829182863
0.4842403682815096
0.32484425740869505
-0.16782691903816696
-0.3530498599390726
-0.06081594111142995
-0.23667677478076024
-0.11060133364435779
0.2026746167435652
-0.689351946534685
0.13232677750407276
0.1633169493507848
-0.2584736538629036
-0.28608355782374156
0.09216557848170578
0.25336957648228575
0.07611167286360215
0.033604130430219016
0.3174464621319788
-0.004834909989188303
-0.6308651947195727
-0.3296498411415614
0.778459045829933
0.2264331448904561
0.3105342199794415
-0.17038099172056834
-0.6397787866740136
-0.05154531548471574
0.06654575935837445
-0.4796040527182505
-0.07455963131600069
-0.0666313264165469
-0.04581730508606081
0.24408413468318155
-0.18336549425304377
-0.30364364140545613
-0.4429326458544585
0.7619657574610792
-0.031751129716089004
-0.25146790444745304
0.18128870473705125
-0.1020525439965428
-0.27886696739601313
-0.04651575446140253
-0.07158151351926913
-0.01851762908480787
0.34561817992594457
-0.1312953836475747
0.10825930291485661
0.24035045802093838
-0.4441198389560983
0.44705102527473856
-0.03136952594769002
-0.039288943326574205
0.43393455239414913
0.13054210782039666
0.14042353995095525
0.33945777919811365
0.28263726140961204
-0.3532206310256136
0.04176831618435122
-0.8381458626327875
-0.020302654062680628
0.46584719432984983
0.07520813484104649
0.20869960227236223
-0.00431193826023429
-0.2828315454268339
0.02545584713519549
0.391924491984595
-0.12826313933267253
-0.34695588706531133
0.4717633883840538
0.1108060984029448
0.23788139530292363
0.33324505768702717
0.4278009803660051
0.2708820587622143
0.10188081021665492
0.4424595770361942
0.017019618647395682
0.33786270480778924
-0.17928498155445133
-0.11680487580480135
-0.017985408789333836
-0.008530679584099072
-0.3432148890210157
-0.057420225246347496
0.13307833712010111
0.2296993721663828
0.09922750816653973
-0.2836495257183474
0.2505479480391667
0.16235528805632418
0.272673879517968
-0.07171853997654486
-0.013052565708060286
0.2716086270363761
-0.19980817939935666
0.6022443878436252
0.5131960636975497
0.2679069643217186
0.22231469144719257
-0.005372359897165127
-0.0661446073891677
0.34265361790812304
-0.15740816184518294
0.3109080901290381
0.2054067475934561
0.15382061800826394
0.16190669662461876
0.0281935965812057
-0.23877337619225872
0.2637397260950307
0.3023106275326616
-0.5331199904795008
-0.15250514411274235
-0.18071898955815094
0.15333152769374628
0.21248485018510335
0.20166707871722517
0.12273265670598087
0.1370823668758001
-0.19150942217691347
0.37310474704791097
0.49142283680012355
0.2789144799279535
0.551311705294217
0.38568482380621427
-0.1879262009054245
-0.1373338447414488
0.11305207458946429
-0.05559460113875448
0.05063432729527177
0.6629778435434488
0.6614807972745196
0.4269718110287442
-0.20099357943164625
-0.3691503548537004
-0.2950760681823859
0.6006865308801896
-0.05056811282864883
-0.5177113953191993
0.09791103128005134
0.2989691845267434
-0.0109364640100945
-0.11916182751948722
0.4982793007699526
-0.4004321380542571
0.2015705206717323
0.18974435673916495
-0.07491902921332397
0.21160075835047812
0.22915468580660406
0.0755724799222536
-0.11764753101553992
-0.04196563294192421
0.35318588817557445
-0.6524151456140116
-0.061765249168652975
-0.1450075599355124
-0.0006199073662163322
0.3023896707230282
0.06387593883634726
0.2120617757821444
-0.10545338465390548
0.3834649969410053
-0.4358462728110747
0.5891316478162527
0.18792611164708337
-0.0649562889563406
0.493944026622607
0.24961156343403823
-0.18588410008410614
-0.3793985977133703
-0.27369913763898507
-0.4541630959084057
-0.245371170314363
-0.6336542478817676
-0.32937315592691624
0.34129111455541183
-0.28522688773186067
-0.14165326414948723
0.1544361042549701
0.2712137429065633
0.1600693180175853
-0.3316671460690789
-0.17406143933708532
0.10534327659231192
0.467957351483396
0.2849593327585089
-0.6183309380418613
0.04588420343845653
-0.5552495703851583
-0.13736911682598077
-0.050472266385377634
0.14152463148462177
0.19322151067245202
-0.2530715518510852
-0.3963599880198552
0.4271740462602257
-0.1569355728498673
0.4944383228451853
-0.5907045426119871
-0.3980310785597952
-0.8125384959104314
0.31699719515944297
0.3452802710027274
-0.31819160276836334
0.14543187015137585
0.0820104341519962
0.23326892627530318
-0.19575206335463333
0.40374770395595366
0.17672883200833842
-0.2401062958957003
-0.007323367082183063
-0.322637807365416
0.21571667334542646
-0.02942535629782196
0.18441633581589453
-0.20335931706939755
-0.22066568187085436
-0.42250549402178683
0.03371562037646211
0.41290276730584496
-0.3453264243081455
0.6193997051600929
0.45933319577908643
-0.34885603580122765
0.5604057949308172
0.3232202038331846
-0.2338397124383969
0.1626904961233975
-0.10158239470905978
0.23668169996974828
-0.038245390826300144
-0.14856704348740807
0.2973307155722774
-0.2395832172881541
-0.020140284042739136
-0.5672780951278057
-0.39991821097469626
-0.035495395719969326
0.831384994520824
0.38126725418787555
-0.36784415300016016
0.046614507277182755
0.3456732229062148
0.22907449137115043
-0.09881709698683329
0.2504977622993872
-0.15532671653780533
-0.6709309064122698
0.24033577459618732
-0.13680815356312606
0.04623574421563157
-0.5271460909218803
0.25322147613666435
-0.30289835699683404
-0.19240625922687368
-0.16292946122782867
-0.18761290088626767
-0.15956576851816873
-0.07308903989245251
0.4704904995158403
-0.48691341132895144
0.2370552250598854
0.338688974382349
-0.7288834330008643
0.48886912022134993
0.24117943532235225
-0.16955264551035687
0.12117564706083608
0.20234917499708796
0.18367221831358355
0.10789669639109267
0.0968667293939951
0.05636545219370361
-0.10369742462072894
0.4878173710224281
-0.28679984221049587
0.06640293486936755
0.038263166962668294
-0.20228950176665764
0.07880612904637126
0.007767492340141939
0.08442690673781832
0.19926496197571777
-0.4005718305315599
-0.1598777491218813
0.05002129745522057
-0.22449643853288417
0.3786133618622551
-0.561240705871183
-0.41625447572615637
-0.5919652275478348
-0.34154960412413443
0.21687596068756096
-0.19475741978595498
0.6517232800147404
0.17220218860721165
0.19225791768173148
0.07022915813627459
0.06076273054210183
0.43874236471661565
-0.5985274133998542
0.2164200007941661
0.09303949792375707
-0.4029058986429522
0.023114502643626713
0.16916701779068347
0.5771771576809351
-0.7292012275016972
-0.09379445686884626
0.3880747972957966
0.37321829373089643
0.6481140801181298
-0.13242065988990903
0.03853452944700339
-0.2701742221785032
-0.780744301823804
0.1897955575715626
-0.1735017469895984
0.08978982449439844
-0.027922844545176777
0.011584042940604963
-0.04992022488207465
-0.1425884423579865
0.3769364679658247
0.06154608492504158
-0.39504132737186703
0.18907361868705622
-0.3057453949255883
0.08569465134850492
0.18796633305442986
-0.17988377511437387
-0.2785802891063792
-0.0821287831197313
0.17423728326393728
0.5506631329098709
0.3101574453301375
-0.18259975393373273
-0.5098089314212124
0.28364917225375924
-0.3351185950050464
0.3889188147948118
0.25027342949369213
0.017691727555233794
0.28123429248897974
0.22481416574071386
-0.2901771230438768
0.41743507519654666
-0.42684660556656767
0.27760547330497265
-0.2900993409342
0.22768433052893128
0.6150188414458457
-0.11432939593089658
0.0462068677791788
-0.031097455636068472
0.20662785663539573
0.08175947688048832
-0.18255858977720937
0.15564571779846822
-0.34185881141639257
-0.2661365719274312
-0.09149737454499139
-0.1701123100534988
-0.07240219103073406
-0.20933525351482832
-0.47272280018612445
0.2612057683964543
0.3035680385377463
-0.04398213279786741
0.007316295789058408
0.14973054081093262
0.14347060268946163
0.17593491317725915
0.15044130812106765
0.33675164387274087
0.12087084494755175
-0.28577823629575383
-0.014932854244637951
0.41667437094011694
0.1676020448143138
0.08605734262957668
0.5868862940002862
-0.43491601304410565
-0.04356981032291572
-0.007198999310186009
0.1583728665233184
-0.016624494948500875
-0.28649330598284484
0.31465953117073886
0.14134069173690345
-0.16331447693093462
0.36679129326698706
0.10887463554980778
0.5793711841246356
-0.4990664950195092
-0.5714172579435639
0.22422419300375268
-0.09253953396807986
0.20059674739159836
-0.2949593194204455
-0.09742088627015037
0.13674664606812992
0.019006618273731964
0.1070969826046951
0.052968888043873126
-0.24240084878508625
-0.09543267792568602
-0.0143988756515103
-0.675777994716768
-0.19269573809350612
-0.2014119461495892
0.28532156665676955
-0.17222816834881394
-0.18050884853703555
0.5651239530618418
-0.006516356374359356
0.04181516028758151
-0.11662282962874428
0.03379806594931258
0.12811697968418168
0.49952000555256904
-0.5737215058995218
0.08218623654471117
-0.12943427332513258
-0.3661880486032094
0.4984863196287298
-0.17614695847116374
0.002768129569070046
0.409344261360899
0.15282768268461147
-0.11778445690103367
-0.22831233305423163
0.028313966914159834
-0.43522901274140374
0.4249249599809185
0.3232564263244132
-0.06156313299998792
-0.15916016331300617
0.2292192004802062
-0.27691827715768413
0.23607798959303994
0.376239398890928
-0.19210729218250264
0.47452518914086456
0.2781733259052743
-0.2787524583365047
0.07292643973986286
0.19558422872191533
-0.05600593879838892
-0.42951921470868343
0.15970491765298103
0.1692818243741945
-0.14052623872416212
0.5208673653868297
-0.2166075260327256
0.07594959957662215
-0.33130086363801975
0.3143593434414488
0.37252490742475125
0.12220330315525187
-0.24730226254103546
-0.2391788079574821
-0.19695654101715193
0.10330745947053405
-0.2816219588671161
-0.3636763499547214
-0.620094835607149
0.14640894632794813
0.5730025963958449
0.0675323401922847
0.043856569875014545
-0.09449701383334343
-0.363190630451984
-0.033416771699804046
-0.07368094345163188
-0.012337994247297441
-0.04079764550724931
0.5744738432906269
-0.32481113082282154
0.23565674108663076
0.15121756442117174
0.049103706094973776
-0.09761995787348568
-0.20027238337797412
0.022372484624843588
0.28934122585915734
0.040669149543800465
-0.1056208303372175
0.0740648381700959
-0.19826213538757423
-0.06983620951314977
-0.4803379496634384
-0.28335977407333207
-0.18305626783363482
-0.5218762431382085
0.2637982871879326
-0.13767353815692834
0.1605600677564667
-0.14646753682749553
0.47100753058434813
0.10174110142591497
0.4339129205625395
0.5483911909934347
-0.2850322771432335
0.13859877553810157
0.039815387416998485
-0.04805677497541443
-0.16467728223442393
0.0590268600664256
-0.569808482095624
-0.038894356763976665
0.1549681743373017
-0.2044170268397712
0.18090214707347732
0.20528116700016935
0.013884943370715951
0.13134028504472892
-0.04177651662508841
0.0023913473574409295
0.2842750478581865
-0.4258307544816472
0.1327907015941865
-0.034874343828801994
0.37123443191747113
0.26483613948596074
-0.09912465184308861
-0.01835066219555933
0.12504584735813162
-0.0367437768915013
0.4729860787404068
0.00465309985172528
0.14648071162787235
0.01729057842085948
-0.06165094170208313
0.15373964493325937
0.12198224644448336
0.08253723168762014
0.1460221253876204
-0.14068771059383403
0.15170771647211606
-0.33911492739721016
-0.567802225066615
-0.6817347360310351
0.236591833978893
0.14889914505782376
0.3195870116253385
-0.2495803364802677
0.2725390712101512
0.044961746486624314
0.08625178592653397
0.35751920057964726
-0.041853224866286814
0.4723462502744577
-0.7152377034227624
-0.044081575362945206
0.19694346214211142
-0.5486041382082674
-0.5526317001448046
0.20515129179956051
-0.15460716664259078
-0.3620724588811969
0.178018429731035
-0.21778149541191072
-0.15902399172126783
0.43408725247294794
0.5317918367106224
0.20959003989022404
0.0006239514155774102
-0.3771569122247656
-0.38242038119709887
0.09643071430828157
-0.12689539219668122
0.11620903338527233
0.2825769453399006
-0.42146538424356617
-0.6018819499119747
0.03789658567282796
0.4959884828676762
-0.0689808394506522
0.009995349968626345
-0.017746026626460614
-0.2824881582060176
-0.22599174055721896
0.3526326414968786
-0.024475199837002616
0.009492548802142769
-0.37130935463105064
0.17641142182664019
0.19750570927455818
-0.31038069977964483
0.02340083776416303
0.4561451888727746
-0.13895844582042552
-0.06865327395598184
0.2773702866394515
0.10861798767598473
-0.35779430511245547
-0.2300572555406171
0.26672349296193265
-0.394087826632743
-0.4209452088112789
-0.2627887864767722
-0.24497814370964285
0.22234268683957378
-0.3105288963144414
-0.3304852377634546
0.034162689281458686
-0.26719092852556753
-0.07417845009487753
-0.0658525594342892
-0.30462228175866135
-0.1120686156694216
0.0762069737606531
-0.09386381858490532
0.18720657213605763
0.028758194149280387
-0.1431433226600522
0.22736809283423898
-0.06381313421443775
0.16229756621355815
-0.1606330192456109
0.3419058002514076
-0.49163786091346345
0.13139084233314718
0.28792474423199077
0.24345367893297115
-0.18004423884496237
0.21974088429744448
0.06882281625649944
0.09073628997466933
0.1680307112815595
0.28135931238906836
0.444662789987622
-0.25626880738672364
-0.5010822215073242
-0.21370646193255347
-0.2660525393004349
0.5582676728897897
0.08996093678546466
-0.6618852949927747
0.07876430399670885
-0.3542182509698915
0.2916933272572467
-0.5413010739318312
0.031013892587244896
-0.37455243581549696
0.07170324314832921
-0.09473564098054951
-0.05688525241391047
0.04975294552316501
0.2564470928744041
-0.23162706044470321
-0.29486777280109866
0.2817055281885615
-0.2624947632111236
-0.09894404416424378
-0.017466018612021884
0.10221924447161508
-0.24103088900573272
-0.09558832327306631
-0.04045255581508751
0.45305246336854704
0.7102993679888474
-0.22714039104300748
0.2041292657113109
0.23276428765405038
0.05822764540256628
-0.23599307720603546
0.3674426323759856
-0.5357689472481306
-0.25927292696579335
0.07663303565864271
-0.3726334281677444
-0.0858346168537499
0.2862018988131454
-0.25295687121671795
-0.01940146192173393
0.07635998663429505
-0.23650032855097067
-0.1532089151307456
0.06140254327146182
0.38927460493245636
-0.5244263273444145
-0.3884967283311737
0.09155566570245766
0.3794579819255303
0.8014559888335496
-0.03912864386207916
-0.051178632597128994
0.3342827654974311
0.2949612141026576
0.37924372540260654
0.5977070111477298
-0.22142222806457423
0.27472338620428116
0.24386212958420145
-0.1948454286677825
-0.4507728094809516
0.24198730093202664
-0.19237999814730258
-0.24859849225267555
-0.4947853356156671
-0.05049645918452046
0.12288040271268173
0.3518482057429235
-0.16065144562736206
-0.26620200243965153
0.2272702369355043
-0.028634981428859865
-0.07153604928519931
0.13856675921444359
-0.09591290824632391
0.1397765695429254
-0.6648734929630364
-0.5065133904278308
-0.015678919734302563
0.39783983945400614
-0.5459885034238825
0.46117025125340316
-0.019184114472453575
0.17964463248204268
0.04923289802141519
0.0988113076407399
-0.6931439773546592
0.537420364817707
0.4139301270473725
-0.4209080681571965
0.007913176352547933
0.047790873459004436
-0.5673521395996356
0.17371420840001647
0.7716344865920243
-0.23404974336779844
0.203593232710256
-0.024626639968401604
-0.21190473347572245
0.2911087428183206
-0.08956742157883117
0.2548887779510546
0.1862067416196901
0.034302790782305866
0.017241085931897233
-0.35023651119301097
-0.664279958131963
-0.18919000695923663
0.2198557961542332
0.47756297200436654
0.2840565432837839
-0.5369491993225374
-0.1471817434109057
0.19064532305326923
0.5260258684230902
0.3819491997204566
0.14522167141955306
-0.21599327896305506
0.031149304399546416
0.2225309243025767
-0.1488874788632926
0.37148776390348015
-0.15526839850461913
0.35467111129497136
-0.024423437248332694
0.2053693721117217
0.11459577953790842
0.10569580875760803
0.2123751772586992
-0.08343171441570171
-0.11374477348660425
0.30028233003675286
-0.008406730682017282
-0.07766031763663576
-0.17029845326477586
0.02552338985221755
-0.10016414422312232
-0.009763872646330336
-0.09056412406718888
-0.18598403348295706
-0.2553850245154916
-0.3211553694474662
0.17836769670720828
-0.4422280981964128
-0.12702898266975904
0.12123379344879998
-0.08083162281523298
-0.09001392015795662
0.08215070543895016
0.393661661952941
-0.5147863870685999
-0.37082845663133923
-0.4506711299517344
0.20201320388011906
-0.20336642811269012
-0.05001522150985816
0.17127682346723888
0.3108932228935544
-0.6279011793953376
0.5015294545135986
-0.175278467568171
-0.10379270976884009
-0.1996890085075665
-0.08661240713268242
0.009601140885587583
0.04738623439340257
-0.47703350903021213
-0.06395928145851688
-0.0720066921958878
-0.0740419413380961
0.008113574005911004
-0.13796406566411806
0.2381143311487066
-0.5145530089660464
0.06909490190308273
-0.643281534200273
0.05226658569049254
-0.334464058302141
0.3723615159686097
0.10402034512931409
0.1674098151653239
0.19911576170800738
0.24248754180818002
-0.06398279084591044
-0.1443009636325865
0.005950212076964005
0.2373507315728303
-0.050029250134472895
0.07278052995571549
0.7574178742414012
0.17408031232893048
0.22037822099124965
-0.17664991436848745
-0.29209736478075465
0.21171349249977497
-0.23368222153073828
0.24068886969737435
0.231979003540418
0.0887284004803929
0.13301266695261607
-0.19685962094202877
0.14507099675490037
-0.1824263302060908
-0.5265288545558823
0.32706172074321765
0.5500883849920348
-0.7147360185026337
0.17743692744210984
0.27677199926516566
0.13145763308476258
-0.038790170117748185
-0.22660536338316217
0.04507330163912561
-0.40589657598694473
-0.09826105533860968
0.11459798073906872
0.12942967701527786
0.0647556300954689
-0.2760162312910682
-0.49046310543487337
-0.253854849284911
-0.3212984056398498
-0.07330765876787448
0.5112786326841292
0.06356029802009426
-0.08139888117351322
0.2801804047456093
-0.1730670650820603
-0.11920055417407678
0.3935484838891857
-0.07317981845398913
-0.20811449358104508
-0.01611750730476087
0.31032569581353825
-0.12733389969284983
-0.28922828837942544
0.15434085636008418
0.16749461369085109
-0.2617919182986473
0.15880834029517574
0.22442845278635448
-0.46416990114090284
0.06799474286243319
0.48467971137673993
-0.11701882556287052
-0.6813697556374391
-0.34016048808091875
-0.6890910189196171
0.1632756517922335
0.025659811904619193
-0.12139197914681768
0.3216692488541137
-0.07396913294724206
0.15046448272278598
-0.2132856747602393
-0.5100157626615822
-0.14977135972707772
-0.1055302546173087
0.295439088726846
0.22567528515783847
0.44704393772907997
0.14819804982203919
0.4084730076141161
0.30403617642255826
0.1251263663568363
0.06719209439115227
0.3846369755148389
-0.034447844633190575
-0.0800823277587775
-0.27722601295020854
-0.17573537602246841
0.5259490948135697
-0.3485873734180852
-0.0987440447610436
0.21842331523506978
0.5947166632832568
0.05794820484668439
0.22447410855314595
-0.5611834432551457
-0.31144026591388235
-0.2185847128565673
0.037387807415324034
-0.19712942048023413
0.16631086812513957
0.1730483896803828
