-0.19987678642182316
0.4086504380200903
-0.9579330308796248
0.07756227312776755
-0.05697030302615345
-0.10887614499438915
-0.3982229298731053
0.39152097722979695
-0.14463157364279422
-0.8654141746629969
0.21679991926694248
-0.22609718721796693
0.4448358246836846
0.1861577759570188
-0.0655728796801141
-0.24960282622345173
0.4606922953844656
-0.19758061559202808
-0.5479545972413079
0.34295352322937595
0.19941269240182008
0.28109530078694783
0.2839803057908291
-0.04488766683387609
-0.3087762113508104
0.26665613998632215
-0.694246888735504
-0.16647435843061617
-0.30640747265679774
-0.2070525747599676
-0.04548471854720712
-0.006373297101757085
0.7601207597171054
0.11410872374326625
-0.15718465243146962
0.6913018610793252
-0.04970703583340352
0.4641991852113881
0.1924711500667804
-0.48306649174805383
-0.40185188272981065
-0.1766598913052726
0.5959680141531432
-0.021836842992082287
0.06422721263347281
-0.29609503439027945
-0.385356806809222
-0.8582350820568253
-0.2023891721129343
0.2598525821128099
0.5767404548439891
-0.2611707305329665
0.25215937896006413
0.739142030533631
-0.44352452229356404
-0.030653814308451467
0.625223702707377
0.771091346455725
-0.07032640697258508
1.1850442446115437
0.46589738869378644
-0.05802517508178259
-0.010507215031473885
0.04180029434156987
0.19443349382844516
-0.6659202639478848
0.19588810740460022
-0.7560545112188891
0.7199602816251722
0.4738206390108396
0.3246932624964895
0.013095502043011076
0.11686303634735276
0.17927914356461944
-0.11367010158720421
0.27873106005502124
-0.2172598713174856
0.36180002910185943
-0.5368398733316072
0.23169237374879328
-0.038385656152911826
-0.12018952900634566
-0.3962915835684418
-0.35242786386113706
0.1977245203161996
1.1881694344654126
0.11119905612717543
-0.12988605065821354
-0.8340396164280275
-0.5707096301032866
-0.4415973851145127
-0.19307581186431563
-0.42534348564060187
-1.29938750966988
0.311187515145277
-1.0962878426629286
-0.5281000508486363
-0.3155581909020153
-0.3564750449420908
1.25550669358987
0.0007089319639176282
0.5125885205018174
0.44941920758100956
-0.06807090066901395
0.18611798734364796
-0.603387971397406
-0.540297683917497
0.3211071205126269
0.26013550167016014
0.3957639755932591
0.45923929305676103
0.16796029870007037
-0.30153309202963435
-0.012761553886923906
-0.42647796702828106
-0.3870515747169401
0.33199406924520225
-0.17818424079948006
-0.4912311374432166
-0.47623552663294166
-0.5523871875009483
0.4172557430327037
0.7821284695495637
-0.5768888775417848
0.4498823704285336
0.2544247311778938
0.21601222335153403
0.262832825358774
0.10387502573054709
0.22423096938557968
0.45005394012291755
-0.24367526645835647
-0.04645738666151431
0.3883934788276861
0.34068545392885313
-0.25104184650192674
-0.1915658873457289
0.6920376682484403
-0.6395353486740212
0.05684791020180634
0.4891607729803066
0.36536650865383385
-0.3470557010039992
0.3468760214289581
-0.7516680806065026
-0.019342848632201443
-0.08807518509005717
-0.4866789930056416
-0.47490922292516546
-0.4419195323578655
-0.2796366996108849
-0.9005268032128934
-0.3781438544577489
-0.002059921214934995
0.32707752510573845
0.22239341047082667
-0.2679580548327902
-0.5234636944713985
-0.2358903187152717
-0.012074341040487858
-0.24427572611250825
-0.6584459040914478
0.5987300874141227
-0.2905755070119896
-0.1021740652600797
0.2311166137080848
-0.42419941251761895
-0.21954650751063817
0.23077261627242046
-0.01613390758380549
-0.12416446543103797
0.1863661145477696
0.41553612000589063
0.9727294594077182
-0.0523613857998208
-0.28180888315140207
0.3154984873284151
-0.40599808416685607
-0.262055028929071
-0.37406341930747933
0.42425957430541616
0.26602848722125133
-0.4501871036929453
-0.2470891688807644
-0.4520952241390636
0.23085997541860181
0.5826818486806588
0.3049269365530783
0.5379995819140075
-0.14884482111697292
0.4531953415667814
0.2550635210005761
-0.22497990028393122
0.07090230773771122
-0.34359083137086444
-0.26505742715078257
0.04352881986291786
0.5587301693631392
-0.8902517857450704
-0.47384634687768906
0.5091329108578319
-0.10667059147549253
-0.26796719889804993
-0.4618659977793571
0.17806815557605862
-0.8010727104492571
-0.1999197201621299
-0.1595669923447933
0.16989144343221554
-0.5629761151951446
0.09791852904537963
0.23328825343934043
-0.01276525281771417
-0.41573822709126224
-0.16462195432418186
-1.057578405325003
-0.3492329999169058
-0.23323154564706525
-0.32416713076659326
-0.5827860639942107
0.29634546473063
1.2934487292868602
-0.4174667061505961
1.1113474339260172
-0.5456532835397077
-0.3670540301877673
-0.28655118227611426
0.15329507862913047
0.2567685817425182
0.22376726754247675
-0.8472369268995822
0.5861155118376429
-0.19220724979437454
-0.1814895379240641
-0.6102744490913536
0.2140982771206859
0.38962378766759265
-0.48765208107528174
-0.5557195156863799
-0.36629269248592944
0.5077408526567311
-0.2797287620414914
-0.4572112303583185
0.08386655080934584
-0.3487880366344274
0.6265451172431215
-0.21516710083830173
-0.5089786385272345
0.10408433291046329
-0.2064334360038617
-0.5540164074913032
-1.0970641724563523
0.3945904327988261
0.3365419460482433
-0.531472777538523
-0.314337638612528
-0.295430251507729
-0.12770985595766313
-0.1660232623932859
-0.2516657236111028
-0.22520081461704394
-1.1477501947032696
-0.27323349577933803
0.4123962006563464
0.17804313288734397
-0.34090177762126317
0.12224109434817748
-0.37508902756182766
-0.18750866803160016
0.4312004140496463
-0.06768783512143464
-0.049951109401590324
-0.028346601390827758
0.21408053652651318
0.3650787258011098
-0.31236082378418295
-0.5544812755355215
-0.247832366577586
-0.21163768587966209
0.38253571335824865
-0.7487369473661941
0.4042377951114719
0.35914583430492164
-0.6098533308268798
-0.28293846382623156
-0.4903269165183425
0.2280927070125254
0.23605853164058904
0.11218744856079903
-0.009708970689975765
-0.7811387482218822
-0.2627080425189171
0.020126932981788106
0.12809763675443073
-0.21199007752400237
-0.9021389285072217
-0.5102276735522898
0.39092293641837766
0.12869167471305232
-0.2889545842111059
-0.34624557315970944
-0.36442357870389364
0.7605577344279819
-0.05788801750875952
-0.5932851916215155
-0.2456864529714845
-0.06672779655983362
0.3119003786441642
0.555331561301898
0.4794654713520869
-0.17461282126613206
-0.9096975959940994
0.8261093388285717
0.0637723245558638
0.45839818500258106
0.2373627229373197
-0.10675450583744713
0.21100044715490612
0.27488441860397167
-0.16826093593709388
0.660520513043719
0.11065475322524956
0.36619224499464936
-0.33045123713349484
1.1065056761449206
-0.7625468269232522
0.05550002868342986
-0.5364203792621407
0.7419481884225188
-0.29995231858897375
0.41048747994365326
0.0229356815050821
-0.3462730995642969
0.6573218678804453
0.824840205899545
0.9231620384860547
-0.14104168765820901
-0.028958007300863335
1.5287704047879247
0.3333461215967495
0.2773867877260275
0.4863307567310333
0.7445125702713083
-0.4803912070139122
-0.5941480648916153
0.33717541796953654
0.486681733676156
-1.0501534569182356
-0.715644473270862
0.07198610187788537
0.10088408471799266
0.10791293293970962
-0.46850250412661815
-0.28684799663973337
0.3538274794839733
0.017702540675029133
0.01277058105232918
0.1092102782743326
-0.06140077931286923
0.5292779632262673
-0.20904493617713465
0.25039377772366256
-0.13866576820616996
-0.42079277143793026
0.35636415318941633
0.58950272804283
0.7605656107788047
0.10202126633580023
-0.08474177632277878
-0.2848087303574573
0.7861076025867545
-0.3069264229005242
0.30954694072416344
-0.214582597791081
-0.36569286443300436
-0.13668624893468723
-0.26911666912899634
-0.15584013677397518
-0.2697441978585041
-0.3073707804524137
0.4100266727544942
-0.7041457429600873
-0.06813565729895188
0.40481038717893136
0.05570524584506898
0.25459591942797344
0.2933988611681819
-0.3228816847334144
-1.224603767632726
-0.24166820289665802
-0.4241824187721779
-0.38100913621097127
0.1534966382994598
-0.09904979756810549
-1.2321600727154285
-0.5509717063121867
0.2792994066884225
-0.18509979258127476
-0.5465326720146052
0.6725826674629233
0.7486785545728596
0.056581015969877246
-0.4099584755971196
0.26532313875784996
0.28178681946689765
-0.1830902711146785
0.11808482986250367
0.4511641299328116
-0.16239686193614997
0.01747897685537089
-0.40341100694968235
1.18907420594554
0.41098393552793183
0.1878043070836748
-0.36057093432664383
0.4221861612304271
0.2240905221101274
-0.11718108613517071
0.46631831233566357
-0.2883468052004571
-0.7847982138053738
0.4031703141985931
-0.4685605004604338
-0.42105877284833093
1.088038230186386
-0.5952907000982971
-0.4811870553771654
0.37753483719049524
0.017114785326058517
0.2226556491483288
0.03780805269900728
0.32280252950256483
-0.30449774470021834
-0.301199791023068
0.9220160348548463
0.08579174793513789
-0.6746497822738812
0.18292553263814898
-0.25203689141121416
-0.30365399446888836
-0.05521310622936315
0.19787190243046646
-0.5416636913660288
-0.0706804522329234
-0.04506597582860395
0.3850659451078796
-0.09977025840059627
-0.5807743210880225
-0.6477844140577702
-0.8679425349799587
0.17265648507855444
-0.32649721256275344
0.3311212699123139
0.566669148911524
0.2974689955702629
0.0069824471131512845
0.24556471902698132
-0.10836472385428654
1.1349874213500535
0.7488101398446685
0.13407072755097602
-0.742433055909213
0.29548500770014396
0.17366640828488838
0.11296284417305899
0.9635454297468111
-0.2513249383754153
-0.5898070948451262
0.12754753186724446
0.45949642592809903
-0.06736974176424836
0.0627540522490173
-0.44070089686189984
0.3494693216848295
0.17085618589254858
0.7437354608120387
0.19735818331348898
-0.3975455670731308
0.5477710138583054
0.4626634604891118
-0.21796646677021356
-0.31145752359934986
0.46858897395362104
-0.17414589551176224
-0.04176682479057533
0.07218408349836951
0.7940970966012072
-0.5453605378418181
-0.5955244534468171
-0.313540612202111
0.8913697234052925
-0.24550168151307752
0.907823352079119
-0.4590131859959231
-0.6603656460924896
0.1747730732652843
0.46769802421916895
-0.3451761814457766
0.08227980244469318
-0.17087132951202472
0.21066362775333716
0.14244364293942727
-0.16258121962135363
0.6915592668602318
0.24143437490542746
0.35845560009419036
-0.9365531682798596
-0.2658871390768661
0.4615114421455823
-0.33811823897032633
-0.29699347816383764
0.6246209804110906
-0.9165966850983159
-0.5617258547304245
0.1007527054838743
0.23205938938452517
-0.021597468629143888
0.5220001911901164
-0.6493873893996573
-0.1111557737789083
0.051856426531340705
-0.323873249412954
0.25605935221868964
0.37047330961388747
0.43246719967373926
-0.1876598489041745
0.06019706355858568
0.1387573369806862
0.4004402057682935
0.15466846149987792
-0.054171446142568795
0.001083589283200692
-0.16541807572183687
0.41921652946352383
-0.19677524414020833
0.4271733991087787
-0.22975767479270554
-0.2679739002547138
0.1578699980259448
0.343895518514185
-0.24154335138825722
0.12070947973879627
0.8837205517426691
-0.09481322206264466
-0.4227656078118971
0.38472310236191304
0.4272351887649941
-0.8091163552143528
0.2635894534733648
0.3257447407604394
0.7392926332374066
-1.1860125866790434
0.13081866000822764
1.0810921212991835
-0.33462674233718676
0.3133206888768357
-0.6835814017236918
-0.416519526285085
-0.8711845452449614
0.10041943816793011
-0.38189715001011854
0.014799495070343874
-0.3204828542101411
0.3869446178422945
0.023978222798345654
0.5403367890288189
-0.9138343270434663
0.4320621883955544
-0.37290263600695484
0.4080904726454337
-0.9236243215508835
0.026928330612840206
-0.26919514779096365
-0.32407766169148833
0.5150081388928415
-0.4006891176008948
-0.10280766793418976
-0.38795080148509375
0.28698399883825
0.8257800695316287
0.38358745948447875
-0.6710488774409313
-0.7340024140173856
-0.1754679589403928
-0.4157269836629226
0.012843853357550065
0.5124514620567916
-0.42589824847575614
0.10694231117637222
-0.043252437403290336
0.6789273529660771
-0.4527839391063011
-0.19949445587309253
-0.24231702963383425
-0.23850111367096624
-1.0856871333342368
-0.2816240091641941
0.2479412331152141
0.4139085592438776
-0.37644263324320354
0.529626886426511
0.05038603613052603
-0.27502706447771946
-1.0233916401292287
-0.08139251772218585
0.2177298680359476
-0.028980981577443114
0.25231855935921643
0.8302271576370015
0.8001646012136359
-0.1975239749379536
-0.39636904145546736
0.9417114177531718
1.029931531722452
-0.2843756522022109
-0.20510484962297879
-0.2853280435338861
-0.13950889742365685
0.2093397949437333
0.030594318739131515
-0.1535843679994891
-1.1457817913782604
0.4054274139543446
-0.1674081364129786
-0.2329448437611298
-0.2920159722341337
0.5513488353916772
-0.4720121833523562
0.8061713679303397
0.37558996520204346
0.2644860226964372
0.6117873661569759
-0.07599222461466051
-0.18376677560696886
0.5026751634401151
-0.05206099033869417
-0.15397061355666478
-0.025728265154624067
-1.0703909559872913
-0.19489224550353165
-1.2062495501519843
0.051719099555827604
-1.0019010221479971
-0.05199913162364388
-1.081465699720825
-0.46200470632196816
0.12235119912786446
-0.7410772397991242
-0.29772938816506495
0.07901643269512756
0.07035260625843018
-0.48529831764753195
-0.7092882341467857
0.4905111315191214
0.3091080638927835
0.7875490937749153
0.49792894526351683
0.2827176021466507
-0.21246563999613508
0.23872117043699725
-0.02185802676262215
0.5157814858693147
0.37203524333224064
-0.27050682351925925
0.5043719119003737
-0.763021027737173
0.18573677760854684
0.28667597940337175
-0.06750708915295148
0.5424058709431833
0.12391560486589367
0.33435470441658777
-0.02702652886912453
0.3056160752545761
-0.010924680520416494
0.17141577404095734
0.23402816753908967
-0.12056189792137084
-0.1621991343602369
0.2113103031663666
-0.5332286444222355
0.3365366426021305
0.39410031697806996
0.1268157926963153
0.1802891419783565
0.3285241344691342
-0.5361810370158607
0.1960095706660478
0.04962148674184309
-0.2762733823654173
0.1843047527961657
0.5419339334149917
-0.6187542753429937
-0.5318559006809758
-0.008511486302375151
0.45549077143325967
-0.3955923699362573
-0.5118828653989963
-0.3939390009657951
0.5076063733215503
-0.23543179528844546
0.23286530234997815
-0.31464916254424385
-0.45582488240406327
0.28523360717871643
0.5510055775943394
-0.4969003323573976
-0.21599670835474707
0.3672202605447657
0.6817757210285184
-0.13590329320391384
0.2920432950479933
-0.5455518950409972
-0.27334896414937115
0.15515149328551212
-0.5012544353978423
-0.302409308091675
-0.25619760120349194
0.30479190839549936
-0.46598751432769214
-0.9057206667580449
-0.19077027893781684
0.3961114325199078
-0.14424202485374427
0.714644420756402
-0.19537840346192342
0.2745129689937418
0.2121290577941181
-0.5684843628832863
0.10121568061949324
0.27837358433244674
-0.5903151494912803
1.1265527536076188
-0.15929958330183816
-0.20060938600429115
0.2792203381924858
0.10389703272926178
-0.4998520462273513
-0.5592600174452237
-0.14649053784800126
-0.1314143194950082
-0.2284380551787183
-0.1834328436248156
-0.3549865618689209
0.30723466596891214
0.345747053319419
-0.41564889962107715
0.501297173494536
-0.3711871483509606
-0.23045030966195046
0.31951315673747344
0.27980845937775145
0.33408130652737567
-0.275851088386085
0.10551088260250159
0.4185007057818266
0.22733812402367842
-0.4634303860175256
-0.8608736931990861
-0.002378415306113684
-0.3060146713341819
0.06132034739035335
0.4584087432114085
0.3435283618120875
0.10100902396630257
-0.48000539344111304
0.4738149725441121
0.05037599234709647
0.8821921305540594
0.23022096683572527
-0.02801290898569937
0.28681345202909175
0.4089605004590933
-0.1716376695525849
0.30705812559203505
-0.2780372897019756
0.21723307635195752
-0.5548634868579673
0.17987157308509805
0.03869682406798387
0.35616006247494164
0.3643098680338486
0.9332204018977559
-0.10562725071183736
0.4348539620600827
-0.5584250832393023
-0.10121124967843219
-1.1203865621293163
-0.42680062093558385
0.34994892351525697
-0.6046417318302175
0.2719095620165889
0.2778439199681384
-0.40055949457990625
0.15144121501877245
-0.23606363469036623
0.8714432721665325
-0.23738467740141073
-0.8695991220919822
-0.15761138017718013
-0.49051243800822086
-0.41609591574563304
0.29471242263156106
0.568517560262054
0.6990588989802669
0.31746237948861444
0.10790966246342806
0.21570430139544297
-0.37262114089932136
-0.3921092326695847
-0.23579875717862275
-0.15175306689135656
-0.7833420658880574
0.09592364498690491
0.1666628074491953
-0.3690329257490832
0.5657531451949338
-0.0795991002866436
-0.044305714425401134
0.15057692004347314
0.3726275305089188
-0.5934234225209055
-1.278018999568349
0.9100209636327913
-0.13356878317028423
0.28048595739718735
-0.32861355130304687
0.3358216541791065
-0.16457219235760778
0.27446303312803283
-0.07393228791411684
0.19854385425575874
-0.4386770844669476
0.41687065954580954
-0.6766508628830271
-0.9954933259706372
0.48868020754877317
0.10206877111849687
-0.1404894154872149
-0.33970561909594715
-0.19435104100075115
0.24781850294613256
-0.10087562112065418
0.21129568996351394
-0.42034184466153934
-1.1384010745600321
-0.18983505290224417
-0.42622290216286085
0.43485337240788
-0.23642377299416845
0.13750420328217972
-0.5648041910319148
0.2523911811037438
0.5518696317932592
-0.6878651065292168
0.29593225023515507
-0.23373314859229097
0.06349040316684067
0.2306092522304615
0.6143787032421563
0.06260576123878861
-0.38883223507066517
-1.1695399033692109
-0.3060698585804015
0.5978852877907811
-1.0160824776664876
-0.278686517356419
-0.2935943567627832
-0.3167954119729749
0.3665154234772769
0.024972991268040055
0.10445805960081
0.5552952533801083
0.2511159496140793
-0.2795073778529055
0.33489960414820696
0.5111046965234
0.478388057632281
0.17108429335457606
0.13799418373903707
0.1590894083529977
0.48815348300764677
-0.45664485188857634
0.926169395894684
-0.1445794745446446
-0.18812302131202577
0.11611591231939405
0.20454176635543703
-0.07411053295821418
0.39765644514863724
-0.282498084040204
0.5198853497237809
0.3835448848414554
0.48308986151149
0.18740810106645314
-0.7781517875073232
-0.3210612865492335
-0.9611674949349742
0.24003689483192092
-0.06197349904157125
-0.5479785587507451
-0.16296956701112691
0.12230087795103892
-0.22050038165656
0.5100450176825027
-0.3446077244156321
-0.15522259973618172
0.2752076974724101
0.16805951047982173
-0.6795296878358215
-0.7700745987291988
0.05000591015509967
-0.6853107319201523
-0.2706771675676942
0.4472265539587467
-0.33000921683483775
0.3216811401064292
0.13529436556402127
0.09193328153625725
-0.22164897809014353
0.3674004578010553
-1.0811011960294556
0.6270060881630867
-0.5168259548139303
-0.023322916584685646
0.1532206295550143
-0.4043063872808934
0.2607658400650103
0.6523189036786323
-0.5094840967764722
-0.1700098064041706
-0.23707126417007887
-0.34232808201335185
0.1616604955575917
-0.12144446223078068
-0.15349344849694888
-1.4306997230383942
0.12476108993380047
0.07873915808978033
0.8309422969388274
0.3561391176562767
0.043681477713798426
0.3055449434772386
-0.6712704008151406
-0.31554901204470326
0.11503270851779406
0.9986935521233641
-0.07468435346964161
-0.4129326799560446
-0.5179873897332806
0.30159385973928154
-0.35026556312233903
0.07729729865935557
-0.5616610896178237
0.3100067713472501
-0.09494597035407788
0.10046391902509902
-0.009106290600752864
-0.01961631010254547
-0.35372987789021815
-0.5356746178679919
-0.3040463527058438
0.47677255780863775
0.5267561601669944
-0.029092694823268036
-0.09561231303488386
0.05574928753552927
0.006150893729935305
-1.014919072821569
0.08441255109934756
0.46036544981991495
0.4031764914193829
-0.10332489561756399
-0.5301797630634079
-1.0113444201430755
0.3490932551851816
-0.1437291473200896
-0.2610749750620035
0.13827250610228803
-0.47444590687691024
0.3686246527593962
-0.34145269694165353
0.1544901879286923
0.35763457344709904
-0.0016911940529406896
0.4625923885342598
-0.2717810657061013
-0.5002895675706293
-0.16562123322674188
-0.10118869127967649
-0.243420985532928
-1.1193730741680914
-0.37294794911030277
0.5568688210186765
-0.01713435407301137
0.35729346558465297
0.9793669808684887
-0.17129202672716834
0.6263988561394894
0.22334655661334146
-0.9996639526881778
-1.017862564381357
-0.20973812511488163
0.48662619250257577
0.5158936754636638
0.11962185144080298
0.25472995156452233
0.09542957787002751
0.4903961757777327
0.06677835326954308
-0.3748860274366371
-0.024312022946023023
0.48606018920065025
0.3199188480146517
0.26802841319854237
0.850835899892597
0.03126337275467782
-0.3245370238586968
0.8417205424080936
0.2130007102205289
-0.25785441587073915
-0.7614583877309696
-0.07768205221434508
0.7029327338839022
0.38366687681213696
-0.577196248618149
0.3681174567999189
-0.2410559270798921
0.6921782031097402
-0.27687076462819604
-0.009466197459139066
0.17669709589876462
0.2127346428173446
0.12400097504094384
-0.2875642614892268
0.30275857387736277
-0.8845599039860649
-0.3915857285256317
0.6783336170336011
-0.46252881180222283
-0.5792825536736351
-1.3437665034451942
-0.433216309111476
0.4670602851556693
-0.25418895620506043
-0.8631781719283335
-0.08815812745599358
-0.12037155159355616
-0.3389426163640217
0.20184135277216195
0.21773842340196883
-0.7061667597653094
0.6227060692727122
0.4981624862429479
0.2650169239929922
-0.33086735962564867
0.13934298538207646
-0.6719358721717911
0.3305118816185522
-0.2556517845451736
0.33133351856066157
-0.8366683985641885
-0.5738200967438951
1.4039926862884133
-0.2179133434734159
0.708606314184531
0.45377239168886696
-0.40781106042004145
-0.5466034956762263
0.41164753904493817
0.17188782695778937
0.34432368108702344
-0.16975829651673194
0.11733394260078646
-0.13736933568347484
0.2930276248598682
0.4736114273513402
0.26723780519377793
-0.01083965142435083
-0.22278861697460253
0.36713766059998787
0.6732914603744128
0.6018078321501142
0.3800947668818625
0.2759680959270984
0.31099666732634307
0.1867976989647784
-0.5916741158884606
0.10709499556404205
-0.588280007552629
0.25286220528417164
0.010492775488680241
0.42792660737158994
-0.36274168739559276
-0.19686476220325738
-1.150903050079893
-0.46682079035124824
-0.6981352786781725
0.0007004406555286759
0.23688866155448685
-0.7263675973502164
-0.18558287407021667
-0.1530753214348612
0.34600391592739654
0.16580235762842932
0.3628309752640011
-0.7279122666509594
-0.43389090795303903
0.2633245757976323
-0.2338368878545631
0.9013909418194302
0.6112659281488967
-0.4637049172133685
0.8444068036383098
0.7552877162594859
-0.38075198424346846
0.3494586505534509
0.053030280656725805
0.47706918859218134
-0.23722181347084842
-0.4745145222349849
0.11477775064173767
-0.4661018077306117
0.7179192627334426
-0.05499244082654619
-0.06879736315439072
0.16823399902748673
0.05742440971138863
0.2982250803657931
0.11382089058605471
0.8515639671147461
-0.16773441563508906
-0.511243208525509
-0.6083166163409729
-0.15584681778725876
-0.5657232739375425
0.6813271812719011
0.18162641084116912
-0.47384266087255694
1.0094864642159898
0.16704546815680557
-0.15822771334792196
-0.240724140484619
-1.0622760142260912
0.07877431595182129
0.9134598783071185
0.3455737711495145
-0.23543631403457058
0.3774604909258527
0.31443755193119516
0.49604589031687757
-0.17187399237321724
1.1749041109449565
0.2282865762388026
0.825446044874224
0.4711005233969355
-0.15294244624629633
0.32080037950991164
1.2655953219758964
0.5530314556849788
-0.6611518183467967
-0.08451436835656348
-0.24018159323602575
0.41230331702849216
0.4840504793003891
-0.05534099719643985
-0.23418057189298366
0.2943505920513798
0.0981893403973201
-0.28198569479135094
1.2068782491298184
-0.19110857295133238
-0.06540066133409844
-0.03288563170285948
0.1503000985319683
-0.33428971429991416
-0.17863074636717796
-0.3543556468549531
-0.6217074959176463
-0.22544717044033902
0.13367141150616121
-0.46890455518006224
-0.1248916231699435
-0.2066874787707818
0.04006448893570022
0.28069726582508486
0.2324138036563741
0.19651991682792344
0.11198838449130352
0.06169380364172431
0.2635777614148158
-0.30340256917598707
0.43025374863993543
0.5786940753994521
0.2513821650087923
0.19893008200674478
-0.0011921007447297945
0.1297415586504645
-0.05272139926053072
0.5063927706667455
