-0.029936911624771034
0.06985715286686782
0.23678803408716778
0.07608122780262205
0.007576142066081359
-0.0362844395209133
-0.457759220510261
-0.49371014210134984
0.18746297396475003
-0.4519465151876599
0.1758512857910166
-0.06266990035192166
0.05563858264842384
-0.19477071687086794
0.10681168047346874
-0.0022448136139555834
0.09147603390502246
1.202759946379532
-0.016839505611535466
-0.09495000831157291
-0.4440931205211358
-0.053609398476660845
0.0023065530797521105
-0.09653049548981009
-0.10653946726219028
-0.15959864031842794
-1.3988215788841116
-0.053215925041464454
-0.014903190568466014
-0.10910850305689294
0.20602998346933388
-0.08985110191272964
-0.12025319509815398
0.17661976599487822
-0.20030911084481332
-0.49188735785110904
0.04611408454077041
0.07112280957549852
0.01320500198001972
0.043562989273570635
-0.1422812182982919
-0.40754607777340995
-0.06444981420250975
0.015649403622636133
-1.2711299598226704
-0.13903385019240266
-0.001678155149987003
-0.11512998451375156
-0.4723151290776573
-0.19601105492181106
-0.48829353183128177
