0.3761713127932797
-0.024899826399902247
-0.32502097885472625
-0.6360704241324413
-0.02271672397157496
-0.012410457551050047
-0.043740097035178754
-1.247102615965234
-0.2857072437118046
-0.2455294391334545
-0.5434110993346384
-0.6452920897998683
-0.37900294906022924
-0.2882970593943671
-1.4142750035871134
-0.33000850046069785
-0.0961870913368586
0.810148298029308
-0.2505831453211158
-0.26496540900157267
-1.2430618260461355
-0.03742062535954079
-0.2647022844369398
-0.5940637944006141
-0.28546822482773393
-0.87895000267539
-0.07298248175109906
-0.3857477619781602
-0.023596709073877085
-0.7678706387772974
-1.3393643130752901
-0.554037472677412
-0.014868449591777265
-0.26893089675561166
