0.06794222674179522
0.2479782968854305
0.3250611879813726
0.33358674767334434
0.05271931183311789
0.05531175980845022
0.08713002122500273
0.07098267766563998
0.016333559639040488
0.06448733556328479
0.0774631647475257
0.21124628183053276
0.06821679279290238
0.1268158943789217
0.30244054637936746
0.6108390936817527
0.022389903094685512
0.028829821468244712
0.2687005976257788
0.25026527678178695
-0.4668844145919756
-0.3814877162614227
-0.019554279804946086
-0.29435601007732615
-0.030667017105502986
-0.3831854450494656
-0.2367848504198084
-0.30710705888365714
-0.23066998018079848
-0.3233488266103388
-0.10317550963172506
-0.29000002422991067
-0.04118401520317555
-0.5705591874026181
-0.05191341647307961
-0.06527810212560468
-0.3354130178495047
-0.31301246016726864
-0.35102877853430436
-0.2876634680876922
0.04963636962666393
0.01007531788260871
0.026514691049857146
0.35173984355206983
0.26926502294758653
0.006671306078671391
0.09816815894130751
0.023583571510067923
0.23021402310957867
0.2991649708231255
0.053233611483541644
0.2675039872597195
0.01111227839123389
0.35146166161918446
0.008337225006382827
0.023249411549278606
0.3030994329800813
0.024112499294908305
0.037758055620579614
0.06280493373708709
-0.05979206219869856
-0.05570816955180815
-0.26066295159842456
-0.005006725419602788
-0.10867657487046455
-0.06085976888967944
-0.2338933724778504
-0.29899408638532493
-0.2966542053406148
-0.03371472101963282
-0.20269912728749825
-0.23449471944909964
-0.0347886343374685
-0.25879497642453386
-0.028352748532925957
-0.022192958371228675
-0.3091373958702665
-0.13258252383118074
-0.06188972074765355
-0.36052183267756044
0.10152548275007163
0.029427390704437215
0.3604249326594788
0.555135718276685
0.03978826595782297
0.004575683321530758
0.309084089920968
0.27770155886880693
0.22602964646677606
0.26494544719352225
0.2562294182078692
0.008283916006150395
0.03564313316513342
0.05180280855615141
0.5302586759474169
0.1804358262827496
0.2856190560465002
0.07669741513855086
0.03482855986089051
0.24533269226568574
-0.07191284841128659
-0.10566978421642131
-0.32913907270540804
-0.013078306300225112
-0.052300695062501956
-0.3451196174794705
-0.04438676678572822
-0.04755367489294491
-0.30041370925164496
-0.3671480782642855
-0.04344035631446371
-0.0810127930622047
-0.019995545965201072
-0.024346972453108896
-0.11017662001163128
-0.3642635566815655
-0.003274921829914484
-0.0705034308815541
-0.28925322871259773
-0.5855925717962269
0.03797151399619393
0.2838056205365199
0.3422945221108148
0.08385090364812378
0.36726473866913567
0.04744377145633976
0.1979897966528024
0.08271354287753833
0.012249970492526126
0.28749650242368197
0.029459176653318195
0.26622402174846077
0.022573611571014975
0.01230732828111314
0.09122818060397456
0.260663306918152
0.23432189608718584
0.06587765996549355
0.4080364865968786
0.055605637161839354
-0.30360525902627594
-0.09338762314060657
-0.01137042737635947
-0.2657984802673006
-0.3769909679159015
-0.2669780569943026
-0.23790720253838532
-0.054305673775467626
-0.016851542359616313
-0.3406037793838793
-0.5193009938913098
-0.2792474290122504
-0.02838884961889195
-0.19257810674063197
-0.2661099697979794
-0.3094707764745017
-0.332659533487093
-0.023555297350502925
-0.001217964713794037
-0.3359613674290988
0.013860401370767697
0.012696980699272744
0.3306412232281823
0.24619487984866276
0.5391379951969777
0.040477722145369224
0.04160656562111593
0.010819335501332602
0.025425506491078866
0.08519286885470408
0.6801522718895961
0.027089555496574064
0.06646002046130285
0.3685543594963352
0.04446842789517353
0.13181907749860225
0.608419290753498
0.2691385395192655
0.2467363609452654
0.31089440958976927
-0.22213512500849153
-0.2699237921634649
-0.04495791004517235
-0.03573321371439647
-0.367516779711372
-0.033900216391072074
-0.010920930728011672
-0.38537432935744265
-0.05399826925055356
-0.6682710705605369
-0.2693437360456004
-0.00007748931645850772
-0.04983515288276946
-0.05957674591120299
-0.4860873920213484
-0.02763692980166757
-0.3314057318417821
-0.018024921615169283
-0.303136116705664
-0.2955293130960493
0.04093405054129557
0.42431787601471843
0.36459826531985523
0.09715807422409871
0.37107815118720283
0.28017392999904683
0.1945995721397278
0.20634694935995956
0.29391020831111736
0.46171321044461466
0.48477746135302596
0.3336984411429532
0.012594025574485863
0.23971625237234254
0.11662399925227805
0.2041255511022493
0.5028379135468237
0.06166174038856466
0.5423176337539296
0.31468760129203216
-0.2739597355951686
-0.2713467825337053
-0.10842428823772023
-0.42281842363024935
-0.40090287121885565
-0.014862924755688173
-0.3028492707746962
-0.26715809596472734
-0.11574793512210349
-0.08633201023816205
-0.030875764601255122
-0.02207353794043224
-0.2521387883363092
-0.3839742070601374
-0.006204875328136519
-0.5400980261754751
-0.2910532060578342
-0.05605699712609072
-0.058813075690747
-0.30389748843461867
0.01181208745567154
0.32060081257206574
0.3732773650531375
0.008421576873413814
0.24925250887043762
0.004454342591345562
0.014342585120540752
0.3510843537477609
0.30476163939793793
0.4857487994700093
0.048856120384279285
0.3346449831171324
0.3895926521413867
0.023287632960411198
0.24200451492542016
0.23584416066955502
0.0898417423419521
0.31327587052886613
0.26840743852197946
0.3682331625192435
-0.19351065844375118
-0.18982534164962464
-0.030960342533834704
-0.06022736422682026
-0.2821569961988948
-0.05100229007130717
-0.0051162416164490816
-0.3694406025956829
-0.057595811334742536
-0.32505595607682547
-0.36637035510063537
-0.046669902665658035
-0.06364923121871104
-0.30073649003354436
-0.21385559521346897
-0.04378442252550965
-0.009605099958813222
-0.3089762548359012
-0.35114532820094296
-0.2593827425928236
0.055195174214653336
0.04674582816420383
0.25276171524915225
0.01309120965417201
0.20514546258005142
0.08019812196365367
0.004305870769303074
0.30512549643764153
0.33502573975373845
0.31609156794360665
0.3429305792668959
0.22355697743597655
0.4033538891442697
0.03669654014652287
0.33142576511741517
0.28420508782100884
0.12474686106002797
0.038772385374785744
0.217288995408699
0.34019538550008777
-0.2965443979979576
-0.32032789272363993
-0.21796106825622572
-0.33449022786786003
-0.09732987964895382
-0.017136916974960725
-0.04565646293429174
-0.5435901955302339
-0.4531134868405128
-0.06487093588645557
-0.3376164220031851
-0.018567068445175843
-0.04636232811216468
-0.3016711382722624
-0.48912404882138566
-0.06474217813883032
-0.030258728417089667
-0.3088965639692249
-0.269991429573923
-0.3855049589446188
0.3657675094572271
0.12001623317713418
0.2464414798661197
0.07798297261596304
0.06775667350505134
0.4137488805125264
0.024993361370587868
0.2681038654026426
0.007328948110508165
0.3305422633736034
0.030677931540749312
0.04865347605084793
0.08649919181568795
0.41190685854228315
0.049501889602172784
0.2810711954159713
0.0955797600320685
0.019525832555168706
0.2534966110971568
0.04502567639944309
-0.03888811575822868
-0.4295596275265238
-0.297843730649475
-0.033464183385664245
-0.3095379911011759
-0.5152478537227679
-0.13473288740814018
-0.047240242467068844
-0.26545780050183887
-0.04484421539797349
-0.03406868755925915
-0.31643410478325196
-0.034749932580711455
-0.023781450403681802
-0.29160967781356595
-0.331216935561589
-0.25155169029830193
-0.5741760218050062
-0.1061974751429933
-0.0323993604364394
0.2730735771184935
0.07829303418369189
0.3230738874725721
0.03488979391946811
0.49842312351152873
0.2621301856000575
0.01839688473132928
0.07025963899594768
0.6253631183119014
0.2639528058309939
0.5383453360173055
0.038170633921762766
0.49164621158005867
0.27406697134424546
0.39010469420912847
0.372561780986018
0.3402247406266326
0.004442845073309083
0.2774287890833414
0.3571116947093023
-0.336259365374777
-0.006659453066649193
-0.2328204247623488
-0.061202844095843444
-0.34803724659178625
-0.28863867813030225
-0.028336084702379683
-0.0437926884548857
-0.25865986600249685
-0.05445361185518668
-0.06886056024590491
-0.062394104769905964
-0.022053563685503798
-0.32898241601479955
-0.024724811555295007
-0.03801784415611365
-0.03020235101793854
-0.31252131472070116
-0.0435791906168247
-0.11121527932300776
0.30406763656684865
0.2035846550291816
0.26830081073149753
0.339094837919807
0.24626826693935705
0.283892283713313
0.3292805584616619
0.005912498085950115
0.020965835596371208
0.02759118945673583
0.0661072465260971
0.0681696536811869
0.3571996632666347
0.005883213015632589
0.20441228024116329
0.018971507280499674
0.3285145380985834
0.018626494366892288
0.3099096177150071
0.04128069136587421
-0.37658374658757643
-0.5838027480229524
-0.012187609752465052
-0.07889684840373977
-0.12525130377202714
-0.28186380964432056
-0.06069245011047083
-0.06855811860834107
-0.03841732211939098
-0.26874115908207175
-0.021004216932077685
-0.024922625342192174
-0.2585568692980723
-0.008469024391523425
-0.17222633733423576
-0.20913190214346353
-0.09378170895665837
-0.002663115138194169
-0.2506093416991113
-0.1335644476205176
0.4860100632688744
0.33916539276139074
0.2775929778771932
0.003443229980910291
0.054871458000212266
0.35353473790969564
0.09502397527323314
0.24561014793288616
0.25985066718196187
0.10547926705205991
0.03852671153224988
0.014220490243154669
0.4882503558107916
0.3249646046603086
0.2916906306456937
0.2359288802051427
0.26915468174150725
0.0611593144372958
0.31811733226038935
0.3544206889112231
-0.2516333042679531
-0.3931577826875072
-0.06608481486488196
-0.35128536237225916
-0.044330453485409045
-0.34519574722575697
-0.04463966756882214
-0.08788078860027167
-0.24371135228110868
-0.0421901517341047
-0.5263631174306537
-0.033482449042588534
-0.03192989892049934
-0.012688634883667279
-0.26198665472208144
-0.2279900860311955
-0.24149618003959356
-0.23000860866856318
-0.013326909365190253
-0.35443098261180594
0.19681097364382252
0.004079658015585498
0.060725340825450086
0.2958148848557558
0.023988563299965227
0.27703416228728905
0.18340198227400953
0.011972846154152644
0.0016106673228517409
0.3478449533316823
0.36285561204058414
0.32082292880489127
0.3385637760512544
0.2757325960694538
0.2878471949073418
0.11749607373416254
0.04831233325968862
0.040041943475589425
0.10249633570762821
0.5055687123877359
-0.40696058910532945
-0.306875839054526
-0.05299810738601344
-0.018688008262936835
-0.5521428682858068
-0.2633883029502801
-0.05559757636224305
-0.0455085638111286
-0.0027948811711724993
-0.3183330920465494
-0.008820339629022273
-0.5779800542530632
-0.018952386550517997
-0.32489888124669025
-0.07003196339410736
-0.29698254491234494
-0.5731042400587784
-0.25333099668469466
-0.3060660222514205
-0.03352474048703727
0.41268275330012577
0.03328319886144948
0.035838398161509286
0.2607840908934114
0.017820579164441516
0.7681675477033192
0.03799138347086687
0.09955400891117529
0.2931153020428989
0.09398096533376785
0.5636860571434932
0.3520628773351338
0.3500743165229978
0.3002943115777416
0.08973470675134303
0.25696997413933736
0.057694210883359597
0.03345024161430844
0.25325856776313277
0.08115983147623361
-0.3290029532950153
-0.2651424509463971
-0.26573615544592877
-0.31257742111059567
-0.38478311436772655
-0.03113355384403791
-0.04736515018424396
-0.05911527330533164
-0.5819058767070022
-0.27467389431848155
-0.34615061564656835
-0.040856969971228854
-0.2566611849312372
-0.3083410282857338
-0.1197128346179827
-0.30857937011926295
-0.0273215119812646
-0.0012183253367345722
-0.04686540718644639
-0.14223153779966516
0.29754742890646824
0.03539297020409068
0.3028257408765295
0.22577502949204933
0.02640627428364553
0.21014810487263616
0.3366063900680652
0.018868094745277557
0.07289922823140091
0.26520086545704635
0.3139354715810006
0.024570646529421935
0.2549154885629265
0.01738504003200852
0.035380950979323936
0.33527368572060445
0.38630866149943266
0.28051439901090086
0.040727335492564284
0.4046256494776829
-0.31477099361253696
-0.5160557734470971
-0.33354195139855813
-0.004375146031781552
-0.3306335731941693
-0.014714668517681419
-0.08096549646390161
-0.3309695199990971
-0.01114443022786871
-0.3269859063810948
-0.009194231469225746
-0.07224292959489961
-0.32032441664256306
-0.3212028997096528
-0.22455271623501555
-0.31607103701752076
-0.0374697571187042
-0.00023964430984919988
-0.23358562472469865
-0.2775127633670245
0.23674080572877654
0.07067014697980288
0.02322727502127808
0.3933278380343709
0.3005597578100359
0.03674386389993917
0.36466380472772997
0.3596700167476698
0.011703294818119608
0.22194740467262283
0.06403969116311554
0.08278860124053496
0.39684289661704114
0.056102571743891924
0.25048859790808703
0.25776071500292724
0.5405482832868401
0.2924333923169982
0.27151543214231977
0.26820792438410834
-0.009520077814872949
-0.28179450005965434
-0.3006794291529039
-0.2694314360089271
-0.026972856522258743
-0.3407214586381226
-0.007321541127868307
-0.3255838327218371
-0.10238905625595981
-0.24214791841825584
-0.027400844976275675
-0.30614230959778915
-0.2595939349025315
-0.3622399407889997
-0.0006894404725470624
-0.41435084726445387
-0.02371305368375908
-0.00952895263581421
-0.48988599135975863
-0.23167783927533903
0.027060149686537055
0.25766206325731217
0.3262823708281779
0.045884254874682694
0.32849928860430244
0.09228159731500514
0.25733521438442275
0.4039444291247837
0.6213871535254712
0.17260827156290354
0.32555843788685346
0.34353936042444344
0.27830442029696667
0.08322973487881724
0.3366938138728328
0.4788719905486428
0.5623344169098813
0.2879771805722433
0.6295086969757239
0.0817327138384729
-0.2790858229894013
-0.28036926738334533
-0.07378207841656488
-0.05044638981681572
-0.3792456407189771
-0.29463368058994194
-0.07353522444539047
-0.30133551081671683
-0.37886182069598956
-0.29632454407876224
-0.0007180151565320962
-0.036082015425634974
-0.23972569150956852
-0.3914403271350676
-0.5319089308374395
-0.009738333141695057
-0.3357854169927492
-0.08078128616352774
-0.3021459555592836
-0.21979525859122354
0.0038121884747876617
0.35281074183995736
0.034134647399019384
0.2795447014563795
0.30418986027517514
0.515934185856369
0.27291612230785484
0.03915295445049472
0.12576600414746
0.0751226148108497
0.22892223965642935
0.0361113748529117
0.38151614216534385
0.6582774510442705
0.13061924140039927
0.06223963287696177
0.03671902121483259
0.40974174398633395
0.03681008041164482
0.3768502886544284
-0.05911263711933537
-0.003639577847781395
-0.020623483113461218
-0.09280407564144201
-0.2699178923532119
-0.0443721748827505
-0.29674491638579015
-0.05120522965743047
-0.004732849217547865
-0.32487654539001726
-0.06416755572058243
-0.29227295643058304
-0.35289251140410605
-0.03180621000614912
-0.29922674543572997
-0.4593903584658026
-0.22143574532189167
-0.07444915890394245
-0.389963370237133
-0.08261844976690841
0.0526615848415857
0.25144702916640926
0.5176307375485611
0.06528931219805058
0.23028610057081117
0.05089532376198355
0.37566177864619177
0.48536539548012264
0.29406877190741193
0.4848129169413766
0.05842704364524049
0.2645483892187741
0.1991035310972099
0.33421982560168784
0.5874819990332313
0.2539119247119261
0.12371369650020121
0.6013946234271752
0.47042939285035323
0.2677573369893059
-0.2128753958567968
-0.34627033526555073
-0.28787389620723
-0.2336632784654791
-0.01620783115110144
-0.07582754898788402
-0.27897841550403785
-0.06909416286279865
-0.31455310554081195
-0.3016439564747867
-0.25378928504063203
-0.06994209560645467
-0.22582327582569536
-0.35254122799559406
-0.0693713716179384
-0.03872577661619794
-0.5546668827681475
-0.37357583753533
-0.02239958434077792
-0.2667063589795689
0.3297005129852728
0.016392538669147604
0.07018841814507963
0.07247262100435893
0.05274445750464119
0.3434094882599071
0.09167265607370856
0.07803547809559357
0.062231555858600476
0.06589140983119018
0.19857186963839268
0.3973129576700775
0.021672695419229233
0.27455424216302426
0.6031753816210045
0.33723362987386596
0.021803947422580565
0.010140375823976392
0.270105973509215
0.2403186723896842
-0.02769577468225433
-0.12913860625078455
-0.26059284681275385
-0.34262679689993103
-0.020463632525947784
-0.004413187988800555
-0.18915761341925508
-0.19253592133536504
-0.05697603575136574
-0.3297049784715038
-0.07177369181990526
-0.05806928836090998
-0.06427305136295489
-0.10537264009787874
-0.21808364241059783
-0.21693773426557098
-0.3881813351658575
-0.08457478055587325
-0.35582188209586735
-0.5572524074017133
0.05109589269679136
0.0180729142363648
0.28976741560846314
0.10191054210296578
0.02579207633727794
0.5489092129269881
0.07062916090795404
0.0027566338211165455
0.014374550413594398
0.3729613671981408
0.31295952359042695
0.36139039924936484
0.03146588771558107
0.07055925803271883
0.4611753551201184
0.47829063206772265
0.21278653319057472
0.5396809197136032
0.005187280549390839
0.06055916661041869
-0.3779267795883121
-0.3215339671390027
-0.2144622950746644
-0.017126299646620928
-0.03270606703726774
-0.24891040397229017
-0.29622305394068293
-0.27717421168420403
-0.3082982601743012
-0.03936766618730457
-0.006553523343746594
-0.4196525328280383
-0.3186467884815732
-0.2609375810398527
-0.33395617929166865
-0.014140527135324321
-0.2821562426591426
-0.34465167705869376
-0.19711202347865694
-0.345398394793138
0.19724034979065735
0.30340384048498154
0.02503335423495696
0.4536307602549486
0.08531940140083398
0.26472618812578463
0.4768256037088927
0.06181739824971376
0.5655623627521874
0.5594436290480455
0.3690586337999189
0.07031190686949074
0.09611272638453412
0.2836823035676517
0.03246740895334144
0.17612505936032496
0.0439511719099044
0.03605829081992408
0.01824391973351195
0.038940191178787456
-0.3551946202116101
-0.2530043787042404
-0.08777443520123433
-0.03486654711060745
-0.22256765986993937
-0.31896743613141026
-0.07519788604537313
-0.3172973657364327
-0.01078472508218813
-0.02819531109420111
-0.29844124001533734
-0.006483163836885712
-0.0925047427575101
-0.07022747345836038
-0.0572100009156648
-0.0374793523535754
-0.30525389572892336
-0.31965440041840965
-0.1054303582965906
-0.07726554462419491
0.06503892087174468
0.02689976036662462
0.2705735030345121
0.20656096929861772
0.03625828069183958
0.3706190111931127
0.08628440506126901
0.4272044068331579
0.3574777894758182
0.10749703973620411
0.03580832456264963
0.2505522577487577
0.30797950061725643
0.09907463648947465
0.08802248543817173
0.3157710400182175
0.3148479286139019
0.5698050291073296
0.04632182901567071
0.20488049135908112
-0.2829139363559792
-0.24764767828817644
-0.2879899992536802
-0.007829167192723356
-0.22724328139276506
-0.017055533172696292
-0.021943258698913604
-0.04892151861714025
-0.035748390560313675
-0.29551529723707676
-0.09411730369281202
-0.21572930627279657
-0.08873311582737002
-0.08678212698185228
-0.0022142942065489814
-0.35821438318964327
-0.2549801722817092
-0.2367481420075524
-0.24768604932324623
-0.19564631071433475
0.006025599296504235
0.008654462580633637
0.00744121853217006
0.11046220959798277
0.2807222668555825
0.17617157328104943
0.01863984383464326
0.04940845601721504
0.022594506480594148
0.05624830172068313
0.26239967637616896
0.04002324571816146
0.04459626919437414
0.09687253578584137
0.19811289680903552
0.08376182751857132
0.09069258746760901
0.030240250596586863
0.29409165684012706
0.304923882212332
-0.023974852880863623
-0.029820824838842415
-0.2679737519723175
-0.03498082221914326
-0.021717598341151414
-0.381196663312878
-0.3047467191374578
-0.2649672534527673
-0.13475641927166881
-0.2965934475409525
-0.01102581453144041
-0.060039005537052645
-0.28001982115862384
-0.2763712987767254
-0.004219401378142105
-0.013788854319749428
-0.05294834131895222
-0.04502033056480908
-0.29573416185207074
-0.28321676918049665
0.009893223451704793
0.24959310822973405
0.3243805814917896
0.5002930633190618
0.3252833365948414
0.293303816887972
0.2792576721904053
0.2939507976961422
0.2963772649986152
0.5554183024540186
0.3618376662041753
0.5365135015717978
0.011551173191146834
0.0020894566048603375
0.23391664463039305
0.3698491579437843
0.08585368586433109
0.36714220899626004
0.05252832012023634
0.28120649789369373
-0.044520991697838824
-0.3018087014750848
-0.028366949879073636
-0.047489594999801286
-0.23860759801266151
-0.3156309172201029
-0.25764703859473176
-0.30031418240720725
-0.28922240555551704
-0.3064103639209269
-0.2806168479345358
-0.06531383844456953
-0.3284604733248568
-0.40291555072988633
-0.08440800651882592
-0.3845087308152371
-0.08294589677608948
-0.536212615627492
-0.38289446167144925
-0.4056726238400473
0.2646146337912408
0.0035269347071068963
0.03214344854180146
0.0999190330689491
0.0007890254536813509
0.01902556684014848
0.038425734692580205
0.34083023692923614
0.2891862938074102
0.03059415107522558
0.07045540009233374
0.19799236742741255
0.03288168720464184
0.2524561289558454
0.3841795624953927
0.5179038236343529
0.2746330165938307
0.13316130874755477
0.3777347970577607
0.30538873720503756
-0.061788810715834065
-0.05841130041480531
-0.008581724294233053
-0.017298911757324474
-0.2853803311699736
-0.23526097049838784
-0.2923831984361592
-0.017680409329578085
-0.02149687571640965
-0.2085150378952235
-0.28985344352918424
-0.09353574968688678
-0.292195377269047
-0.010500954754879385
-0.010981417902401537
-0.011206219419086998
-0.007894074150752899
-0.04008800796477925
-0.07714760330017537
-0.6135818012204544
0.2829259333240822
0.11490375386700395
0.5527847438326299
0.21547014240823986
0.24482322641196416
0.03359799286780905
0.0045523291537525835
0.2902803752984227
0.339738242515735
0.07910794733245223
0.021074845130191724
0.28750895098597323
0.2543837189229533
0.05238191877979348
0.30689097952410394
0.30176484661790337
0.29163380244129206
0.28475712571598744
0.33373747558991
0.014376150932450933
-0.08172150971679729
-0.04386924439337942
-0.09149870992267936
-0.24507926620416146
-0.042561747970067496
-0.30330060549876886
-0.014286244846774935
-0.3349956147530161
-0.010071456115122696
-0.0851346764680461
-0.0297849008402624
-0.011344951986375076
-0.24616071122014502
-0.5902199195412298
-0.043351755321874505
-0.21069973786206544
-0.20558522053221137
-0.23531015350159654
-0.25563382721229677
-0.01471544401181807
0.1357967645056478
0.07290068086232258
0.2908092761344046
0.32148574143302894
0.0053329295539286435
0.3404891259733735
0.2759569469028524
0.32735004986153743
0.3152713567426156
0.3279997021913854
0.002014777151114785
0.6402819793452177
0.33431094063165445
0.7140523674794126
0.35850753344216474
0.29683078174055677
0.009002124626444693
0.3255210488903323
0.3789864319170285
0.025811106883055244
-0.2769142309238564
-0.27894668727508953
-0.06769136399722522
-0.25545567004139
-0.009098181546098228
-0.09040586328590415
-0.3294399463024834
-0.31241528206597813
-0.006862123749724802
-0.2808635522711488
-0.08836857542200123
-0.06044276589374413
-0.20874868128380605
-0.29501421723717264
-0.0163924070632305
-0.2139658943555759
-0.29286487066880923
-0.06591913537611738
-0.2161338587628337
-0.2579427930166265
0.4087127530225782
0.2240051057231133
0.25577846735661075
0.25048032035918827
0.032543686405898734
0.07431590154586351
0.05568959611435206
0.045599989232802986
0.3715816653125891
0.037476144359653726
0.3155100321635164
0.5574411151941968
0.28348903697494476
0.3580582707731512
0.3123808747920639
0.2215081982904422
0.27889825825594144
0.0448503615713686
0.2566434782702103
0.08235300769352541
-0.24448805093659617
-0.24966294860035637
-0.022056893906199748
-0.005430776931233731
-0.2269979939966258
-0.3484368444139542
-0.25885193716171695
-0.0376614385361083
-0.6773366871931508
-0.03847982507505712
-0.5453058224663345
-0.037781686120769986
-0.19784878240682013
-0.3510576363980991
-0.003340583044636737
-0.0695837192445982
-0.5726426698863923
-0.2494480840504414
-0.19019272181973115
-0.35028532786030236
0.27163975169423116
0.10949860755738058
0.21732842415100537
0.07892479412790597
0.08994576297331552
0.008467770197249216
0.3410358332817507
0.2686314207458736
0.0038375870667245746
0.33763912342530067
0.29142344668116726
0.05794300242068675
0.036744086059189905
0.012241948393143468
0.0269995192304473
0.068389242219012
0.35205661997536775
0.3350346363958417
0.29895621308459136
0.5463064443047733
-0.3120541497393046
-0.3073031244280939
-0.36173902454013623
-0.10356240009701931
-0.275244974626374
-0.015979808847314834
-0.03518559251978221
-0.3143541741715684
-0.09151097097569194
-0.022830262916599342
-0.3762714783416343
-0.08088592260131865
-0.05304629264190125
-0.3420913773630906
-0.6014836938035615
-0.5546514051275508
-0.04735473408026608
-0.07878850289911613
-0.09678385439544049
-0.34401042995134523
0.2011642428865314
0.4739817084590166
0.0334378229283215
0.3171006670600995
0.3639639981817719
0.3313658806530139
0.3975979673544833
0.2123312883954473
0.2999232101970571
0.07703236994942493
0.23925599818967808
0.3409041869997885
0.3620815488215257
0.30075741574801845
0.2703272830687577
0.06493693573190103
0.3561217670108083
0.3237632231452403
0.2814652639100704
0.10442643080175093
-0.03550568371186672
-0.0072574149753288925
-0.08330083646492914
-0.3186908687668872
-0.2515025441259844
-0.6205946524227346
-0.36265333502836505
-0.04496853190728224
-0.26839214197748756
-0.06152191105914309
-0.07563515381317557
-0.0776732819349579
-0.3021247087454262
-0.26958148152736156
-0.2316145304134192
-0.29957819585773077
-0.007769229044288403
-0.2369916516865316
-0.27642452732685313
-0.025934014843151436
0.01660437252765377
0.018346488905995172
0.2485951579620412
0.05368531477563763
0.09536597029496846
0.23088652567999607
0.009287209248631273
0.5349526210742247
0.32918219073794003
0.04447269989031593
0.001959869630981444
0.24473867365038018
0.0066070238147890314
0.26696874849374025
0.03969196169573709
0.5299174465834184
0.04771798350236143
0.25564963115180617
0.0048904188689716166
0.3286698741617378
-0.270313167950939
-0.2753013107401062
-0.025446250189736952
-0.025789002277024745
-0.02415550213291114
-0.29187069643968394
-0.28729850780099825
-0.27430180100337453
-0.30466335980763737
-0.048292471237037206
-0.04011761157206116
-0.2690017002709476
-0.2709916605518206
-0.061398220678071366
-0.03706601979234138
-0.03525236578633993
-0.3490231115005889
-0.2782671944155322
-0.0032563578120777892
-0.07944939218001924
0.2291879064824259
0.421414952821354
0.10269877395611096
0.137028404043694
0.2576770531249981
0.02670837672606884
0.3739952237098849
0.009354293604801278
0.274869460584573
0.06427987433204223
0.5307200958396152
0.045702875486102114
0.08054797628725424
0.003880547960811069
0.009078704401092909
0.35914356223800037
0.6258546548574158
0.21812432882365046
0.04365476085916424
0.20913999016049042
-0.2996320468454273
-0.27795704579410163
-0.004213754832606217
-0.024333096405938278
-0.37582130368972494
-0.2570096652527948
-0.09829073837059676
-0.03491554925786884
-0.07558349799902075
-0.027418591922804166
-0.30390041036675547
-0.26543383830382505
-0.30724498084738455
-0.10108481983895719
-0.0711222828837436
-0.01858140297789778
-0.04990118893895861
-0.3092789998872535
-0.5303322007365026
-0.27785996125605333
0.002136302541504781
0.0738633979385505
0.05557119787711823
0.03594322692986709
0.0674930665732128
0.06999692996214082
0.3188142761568047
0.043562248147945425
0.2592170832044296
0.0729751724467802
0.06402370481326139
0.09658505713603247
0.013037008824825884
0.026604112814370594
0.06098129387616775
0.012208747756051809
0.07813033618007872
0.34015922477796723
0.0032599278160917633
0.3081084520800347
-0.045457641147429416
-0.2859660285723148
-0.024761626136283528
-0.27547457056465735
-0.09837831868602236
-0.042317584902632606
-0.054992344349593034
-0.27545320156374914
-0.06652523885996305
-0.055948192211329024
-0.3035043252874822
-0.04403369201278046
-0.022594295819595215
-0.35315641050184604
-0.0064338391663998585
-0.08981374991695208
-0.3872952672223648
-0.5701570131330473
-0.03080897517016798
-0.2543805083772101
0.06434245802529105
0.35414304083564
0.4523471975202713
0.017055598803563488
0.11003993779809493
0.2549342629997857
0.01095273848718263
0.09573569212081696
0.05212005723697823
0.06727940308933643
0.27763145416506885
0.07052609812760735
0.32536475728983105
0.04157436450605275
0.005867424256804996
0.2900661591457143
0.5734461748511006
0.04709195339204205
0.026518273854311686
0.31691614986447253
-0.32345273938171043
-0.535493344714015
-0.30680021369049787
-0.2134564059980527
-0.2290822527959061
-0.36696357043986216
-0.3751407235468109
-0.27113276648034046
-0.5584341495337702
-0.06812919168580704
-0.221885930120349
-0.044695061811649305
-0.5297197969733521
-0.5563812004659657
-0.26883078034039104
-0.33209742288598537
-0.32493385817979337
-0.18940194627102677
-0.41901550871681104
-0.06777030504582833
0.02151979447516447
0.056046535577484846
0.34592815477744215
0.022145628368174013
0.5257933247776686
0.09125973776832448
0.33113254249951296
0.2931881848781934
0.027179529588372418
0.5328428180195113
0.2504097745931313
0.22568454260966972
0.30717119073183247
0.24159826425929895
0.257309545219065
0.35280372015023687
0.5090177487652582
0.007012186981816604
0.6173012044594863
0.10782713711557891
-0.306376975516067
-0.02112233730935682
-0.03253489933101209
-0.022793208778264087
-0.32102085055183144
-0.5395665948278207
-0.030627489917917087
-0.32677710519712594
-0.36604947456675285
-0.3365172078257775
-0.04470492885426649
-0.2590142718861285
-0.3786243280919211
-0.02088163336166987
-0.07537850013793165
-0.27715032848415433
-0.035419897485246286
-0.28575146966594833
-0.2397528096942446
-0.23321779486706606
0.529565400595967
0.10084473271660394
0.044962064365538054
0.09255980601955935
0.31984616727599346
0.3002695146404553
0.46603229663254264
0.30400792066060583
0.043388142852335033
0.3428265933089488
0.3217792357790097
0.3880700798911635
0.01541143492164271
0.03487519591021946
0.08178795637984275
0.03708258433980018
0.09209157324445409
0.03254944780844582
0.28001422067615384
0.2308880461521931
-0.2215739687984096
-0.3123605615974988
-0.5186935642400562
-0.2344092345905164
-0.023282698921002067
-0.31322685212687135
-0.045810191816220064
-0.36592221992580687
-0.24559669697394224
-0.07076122224276
-0.049070117738485415
-0.31537866604740716
-0.0030116468343058247
-0.30048966870941307
-0.06849279892036853
-0.03462131284315819
-0.07129304431203079
-0.37929303105526607
-0.3520665113294351
-0.008327866104785945
0.2597948750039066
0.24292707759170903
0.03198388444114686
0.18264112856918696
0.24567194895279623
0.05167471578401643
0.014065998872306959
0.20916629921837526
0.07011026629314894
0.07028932889241833
0.07225363647700814
0.2838803966136451
0.03025453571263317
0.07130573318210512
0.07533038542778238
0.24602957685108312
0.25372540465916643
0.5414234951256804
0.02106853219959839
0.3227865052420805
-0.03440743790313338
-0.6130383345845637
-0.03361571598463135
-0.24573799615003994
-0.06970780836931857
-0.030028174505703054
-0.2307358883362166
-0.03879648936012635
-0.6013725614841077
-0.4922384661073209
-0.5244287069901503
-0.09615619437094879
-0.26697426030608234
-0.008852334686607457
-0.32193609302924986
-0.3032427184775247
-0.34582602372497423
-0.036018940935138605
-0.30214773677946755
-0.022498849561762936
0.504203911025367
0.48628730518322744
0.31283368634089226
0.02114023944842267
0.058008053866838036
0.06500162855274569
0.01762446180002973
0.2811787135638272
0.19267990616635455
0.23739220153479693
0.04872175014448936
0.24484620010723993
0.37434352154728257
0.27483629738767545
0.06864495331541082
0.321828301183131
0.27605789634021366
0.031183646964678388
0.5977720916385408
0.3925613304226298
-0.3384215103473415
-0.5357302364458986
-0.23871525924741258
-0.2741344680460125
-0.21276493260517398
-0.08930519287157491
-0.34442958018221415
-0.07943520082298627
-0.017209710185424283
-0.06237341241036636
-0.052476800299496265
-0.08980990867784203
-0.2774718942295343
-0.007708343916506464
-0.08504659950595779
-0.5784356538495682
-0.00788571959995935
-0.2999383290757413
-0.2717616300766848
-0.22029877271078238
0.07041222113581702
0.016319050578489806
0.0493330283315718
0.24669006431710538
0.08516439416193479
0.35874572424620316
0.04807602260856302
0.39415504884753305
0.5499308326865142
0.026924522109789472
0.06981215286359305
0.3225304558099321
0.03444517697530942
0.2281480942051832
0.0014271131158845021
0.04170458323649087
0.06341666532315642
0.2083914579283983
0.0028565672385568197
0.3210607149066414
-0.010975148413029373
-0.0759502959223863
-0.29680477158368435
-0.12044248546713666
-0.05182746246786165
-0.018312568173407356
-0.32928446490498253
-0.02265803964300695
-0.287748460944252
-0.31035762932652416
-0.34547339203630434
-0.23775357665903238
-0.05451570401666196
-0.3567752009621793
-0.06996844086150132
-0.25305930143447664
-0.20800507091534656
-0.27409770045759957
-0.2535340138303684
-0.2848828003917307
0.5222407572448936
0.0073505517612280835
0.29245447062883656
0.2692830031587695
0.07228543046594975
0.11270440471737699
0.05584003942593465
0.00803841873880321
0.07037256767046904
0.2505133193708395
0.030756613041375676
0.05169532915094617
0.09305806398040771
0.04535101974388726
0.18720314865583582
0.3789610812795565
0.29691480770701717
0.10935863979358974
0.32414444596187353
0.04492198461938383
-0.2782545225296393
-0.0247133761695501
-0.35318769767927466
-0.02873726540464363
-0.3794382133548137
-0.15470320647969502
-0.2796709220973718
-0.3219751767526114
-0.021154969335948518
-0.3210405521283324
-0.3151302796875151
-0.1938249407723994
-0.020667739823436518
-0.35198302656975616
-0.2928966530576673
-0.24199700440852553
-0.24911871014292933
-0.631515736747291
-0.07644812586712244
-0.05809235699725801
0.034357194841459736
0.3387109703522326
0.060306172167838394
0.33512915715872643
0.283280439152617
0.3668259596084119
0.22443243499277807
0.010705146412849616
0.03052334858000956
0.25815128588283703
0.1251978352008964
0.06919912443948889
0.24835173394144827
0.2623713771313328
0.4950539535557514
0.2525294355305325
0.26745666559250647
0.6476780281057855
0.2301637211871636
0.08028233972274156
-0.31033583203443127
-0.35488177627760575
-0.08011023061610863
-0.23444306672302195
-0.2419347835997032
-0.42636090209731936
-0.3824852006895702
-0.2576055191816835
-0.04091969352955712
-0.03661310216933696
-0.2604607763861742
-0.0018176255960582685
-0.25128688267654303
-0.060332019772733794
-0.035693516914902274
-0.3104226831606517
-0.25946510270398776
-0.37715526883619344
-0.36173355180091943
-0.001454102101732102
0.023256988273693262
0.3283439710538436
0.2941332826587902
0.047465802700410065
0.06268844436122407
0.7350954496386742
0.38872441070296443
0.056441599570275995
0.0031920846986341206
0.2943097961500403
0.057056515328531995
0.2668764574040178
0.0032565508746384662
0.26090891312841274
0.24457623068000675
0.29053489951786665
0.2851322005801023
0.0430393722188299
0.08388952459489846
0.5202703533823279
-0.2837941484740362
-0.0553956687201407
-0.34190004951080505
-0.5659881485797138
-0.25449710794736585
-0.33453194768697425
-0.05130645323414619
-0.35499883182372655
-0.2685504980252389
-0.5325095038113601
-0.07469247587556728
-0.3126721846725062
-0.32594287598868565
-0.22741657807992224
-0.2717982903981402
-0.03102684208903415
-0.016654384208405065
-0.10866186762438305
-0.09886212755010705
-0.13098962888802096
0.023017585492496672
0.05829163956529246
0.511124562729025
0.3442200514782989
0.0169552214870006
0.23229872890228898
0.38996328625769894
0.29224733364405925
0.35591548375796794
0.030347927935784835
0.30758499035171305
0.26254483809347945
0.3173501553875117
0.23825110003345223
0.20805224004817477
0.024955355699883174
0.25435993817286123
0.5336267228124137
0.3558641255609797
0.2747120614468971
-0.3055866668303889
-0.2686745380697768
-0.012144091182560327
-0.27918387913224907
-0.2775658057984205
-0.5397654801496606
-0.05643651917955446
-0.03935897078770661
-0.013930732020535573
-0.04602141184145174
-0.3243506455692432
-0.0608698726879095
-0.31170574978575755
-0.33031515200847156
-0.029940509666207208
-0.0026593756847014404
-0.042483410148581806
-0.05431900989215019
-0.2436775790158084
-0.017071341884466566
0.12118837301779434
0.2672282214505493
0.657986668081712
0.10644714983211948
0.035040694374402104
0.24396373342987063
0.5116780796393249
0.26308537026572765
0.00708448996041899
0.01327769642311422
0.25821383927908864
0.053874772426492155
0.3498177684047055
0.3076455895381917
0.043148151894458184
0.011473749862683607
0.2665927856464156
0.292724193640315
0.26232490868098496
0.10620440655053819
-0.19968694369559387
-0.17557767184458775
-0.033348404001629674
-0.12418238539193305
-0.3043979920381568
-0.25748218005012985
-0.22271439879097982
-0.2688663969416038
-0.047513694665906554
-0.10557156333585267
-0.08046133586683718
-0.007112049012821532
-0.03958429253239297
-0.3026764568150489
-0.29389777606663986
-0.06364638805524535
-0.2722157113997093
-0.023979339715159524
-0.27079071595827686
-0.04860361725691748
0.09248617805087704
0.03626657219196032
0.013614695262417303
0.10632329006456083
0.2890503355567141
0.13608040106077687
0.3231355941734228
0.18193641198623792
0.04428388292341277
0.27536263176895365
0.03506958831946439
0.31151409431784066
0.33189802116703393
0.31224980496626126
0.01853928100238786
0.3298990495649293
0.20857851748619152
0.3299325554619366
0.07533440585977204
0.0886178510714969
-0.3054952247973551
-0.11368362441806537
-0.025967878098757585
-0.342269297628407
-0.22796308808874022
-0.500267801621135
-0.24096967396023483
-0.2970603533501518
-0.07356748971037641
-0.11706733146922911
-0.2964462031564891
-0.30181913549385153
-0.5229776158968681
-0.025594859597065908
-0.08654108686622647
-0.3468848538992026
-0.30105079580068084
-0.039529809386955765
-0.2918243584546284
-0.0424964750665912
0.2100761832116093
0.27431492991849343
0.05217771928657093
0.0794589975999363
0.016189468187538334
0.027733561535956366
0.07099880198443892
0.045452545047437794
0.31369335046301483
0.0188988828851223
0.2608056120245296
0.5225066079665367
0.3448292458831725
0.3116472986209095
0.08826092702528075
0.5208781959701924
0.006829724627899782
0.30259557401186515
0.2344357003709639
0.2787535285869018
-0.00475393616099315
-0.043900814770754165
-0.3348568012646252
-0.003146625510511958
-0.10108619773032311
-0.0009130769707013796
-0.21753277828706705
-0.005469989127010374
-0.03278942488250641
-0.2952225729667362
-0.04295629362938311
-0.28757048034654376
-0.24726039146169998
-0.6566476688941116
-0.20256721006464984
-0.43849012671294996
-0.2791482799163163
-0.33424838554475855
-0.24272833038244493
-0.04200625399499325
0.3030748589730751
0.5028619796361332
0.3108061472973176
0.019563454742896155
0.07216961446961163
0.038584560294019826
0.2450763805032476
0.048506735849038786
0.028635259680174746
0.05083813390667022
0.053195855591084015
0.07529850974551355
0.545380023326512
0.08735271523176548
0.5216969853519301
0.1071762038083543
0.007797416364111796
0.055805677024398696
0.5646730279190069
0.03945579689924435
-0.11670136022681175
-0.22325748971624812
-0.3269621108516275
-0.03899465512147959
-0.2810676141310298
-0.3129267563886899
-0.06934057466869332
-0.3469730074130022
-0.04286532396704216
-0.3598782862813022
-0.009041371545159008
-0.4870738418338658
-0.0014638208476779543
-0.015655357091685352
-0.22891970965421174
-0.25748116684868455
-0.0065283824450609795
-0.04229662593968933
-0.339869544702564
-0.33192814387354713
0.23824932899049492
0.32544391097000097
0.22123726102879773
0.2777224315078404
0.31058876627433674
0.022389111749594116
0.30173443513908016
0.03340759499862565
0.5139465556854557
0.5131039555379326
0.3293599626966909
0.366744009023662
0.2919754081368459
0.28211990305244466
0.33613738093398166
0.08861424806896934
0.06634619853505487
0.32246295810925935
0.3186879738829712
0.004029945091118753
-0.006829491299418758
-0.04760991403829062
-0.2863862953187934
-0.521502460853314
-0.3021801539480505
-0.32414173926943585
-0.06930963863310974
-0.2564401075982439
-0.5973577326758628
-0.30151907420195795
-0.09780712122480824
-0.0023063215542393632
-0.306080587262318
-0.0793123029436528
-0.0057175558199844545
-0.27602058895049025
-0.33196753231558984
-0.05658680523782229
-0.04297354034948973
-0.7387965926132888
0.29397513170969647
0.043266280054606934
0.3763620763643082
0.3244486469414285
0.29214961832576986
0.2802794972911181
0.11150996335353205
0.031255092456517676
0.08765050685002274
0.04681094009510356
0.2832294545183182
0.0764135439185976
0.008798128443741926
0.07282971660428669
0.038555326386976695
0.3022733809961231
0.050919338542854894
0.5469737629821584
0.058542133742732226
0.023807047204962253
-0.016341958547788464
-0.0774763765604276
-0.11517049778975222
-0.027338225469990162
-0.30979217909618734
-0.38597330015068176
-0.004322276365571655
-0.01087218294111561
-0.24806211435355133
-0.018740066326937924
-0.03908816306035595
-0.0011323202861328863
-0.08838490703516791
-0.33573030553989097
-0.19890420786983842
-0.3136378735486665
-0.07874388780473444
-0.07557070046884558
-0.22216954089846389
-0.059429806429759126
0.1907599703610963
0.034770722497234646
0.004773467815310275
0.36683579702961655
0.29185532631292394
0.03874483615996436
0.10818432945028356
0.26441906149867767
0.08664389318174213
0.35811539182073565
0.01952804804241642
0.37774052211478854
0.06736925648808403
0.284619715671147
0.5416243388525676
0.012691520257435113
0.5047055261275702
0.22745791707266486
0.033633045731516785
0.02847461676198233
-0.04804949480223547
-0.39638020736218876
-0.4121221574899663
-0.2533378550470497
-0.3132823577008715
-0.07847401275326298
-0.2745426568235851
-0.28385545660357836
-0.027035431716889703
-0.3660132049083275
-0.365715696554525
-0.07228849034928789
-0.23398686025479903
-0.059247832216827494
-0.30706570498249197
-0.23246045579792055
-0.02144743125711649
-0.28949008035152957
-0.28445893460194577
-0.25303071841956043
0.06884535892201915
0.49576288339125274
0.29228196919901556
0.028485535137671044
0.31167916260174927
0.43092473050569025
0.2621496916734761
0.5478757396485732
0.1001992485488252
0.26832140221921214
0.34567828859033145
0.3548769743123942
0.1770890316045048
0.2818188223276032
0.00836074353070359
0.31382048362902754
0.00032415988777815174
0.3220167645262941
0.12269806571911254
0.5037315117511659
-0.312712635676276
-0.030334601282535914
-0.03084349862721263
-0.34362137971122664
-0.33410087257324395
-0.037396512975001676
-0.058456954753034834
-0.022801710357990803
-0.020435263079456416
-0.4995025836863708
-0.04997486047487067
-0.00024667521228639356
-0.031072048211509794
-0.5570084557133881
-0.29281933796008075
-0.02739411890384369
-0.035629933523184006
-0.4604814554126817
-0.007315200942840973
-0.2450061659151132
0.12995983636469716
0.3522481250963406
0.0783429874509564
0.3889965974115429
0.050797141801794406
0.05053920314115521
0.2639909937416974
0.34597176296638815
0.2571773137010222
0.30241262541776104
0.016163077430375438
0.3123296570092619
0.29583406973311016
0.2413734427062954
0.07125203544703247
0.004999618240384113
0.2625612495545447
0.29901861813674985
0.05053933470532126
0.04486448355789272
-0.0538285203362635
-0.33171611811363505
-0.030612458394821785
-0.2617639101055869
-0.03599899870405129
-0.02720254450365356
-0.27437378609583096
-0.3179660466937635
-0.31100601123646743
-0.3341835046715404
-0.3848867563597825
-0.014258233234563555
-0.04931751096513956
-0.07738844601342613
-0.27461436677979373
-0.27374473552143447
-0.2519205791282068
-0.059026838248340326
-0.08555763618918844
-0.19923304069324627
0.005932018457538132
0.016415437482755573
0.04835446441131427
0.26808243209250215
0.03300968821101343
0.5607443376159095
0.08221051774379533
0.05976296637343611
0.062028804260418895
0.3548654184155777
0.0615423540970295
0.37518322957168404
0.3587405406255635
0.5038897843175467
0.29704904624239287
0.018741980896719287
0.06060414954646397
0.04310388320408735
0.035054766336015675
0.28106731199657653
-0.05991158026716046
-0.3457129490362812
-0.1473951980324441
-0.5288592934648382
-0.045224461737348946
-0.07940166280510588
-0.08854152011359293
-0.04997260693830787
-0.06416023045331776
-0.026007143155073676
-0.0011252723961388913
-0.024752710546584088
-0.2748352323321336
-0.03576394953542517
-0.04382164151191511
-0.001588532875553367
-0.061988649643453235
-0.010674898083038795
-0.005288224307902891
-0.10865621036727341
0.012283697806811215
0.01673360059734997
0.25673804124401883
0.030796695113885338
0.005238198438146181
0.5129552088918586
0.07329421253437045
0.028593675520261427
0.04844502737795716
0.016598818161730772
0.5366704188416214
0.3586005608447109
0.016258417267661023
0.10339733595629937
0.06336145223651929
0.3071765929816718
0.020457209285862313
0.2763580829671446
0.25425888254172674
0.12046018946570057
-0.22514027978599196
-0.07286396989880407
-0.25842128033542816
-0.09455801129406766
-0.3714669558298468
-0.02303528624582445
-0.0936229921427268
-0.5308688907376683
-0.21091594318970927
-0.039814616684752425
-0.2646659076364262
-0.21692193090173215
-0.2590798466566792
-0.22841348156227909
-0.01290212797379567
-0.09375109228466595
-0.25374019249787894
-0.047165589630535694
-0.022630297653320475
-0.5413296534362685
0.3227337568674919
0.041234321877941904
0.3124813224755252
0.09569122929123444
0.019828957470887962
0.3038930644459869
0.20464325865018615
0.04863642260998182
0.25120283638582525
0.34953982057232114
0.20539720868208214
0.02674190479402274
0.2650420244422683
0.5468997858832412
0.02357871520640373
0.3633586399838074
0.02552237055799555
0.11319506923153738
0.21524176177750504
0.2812622008974348
-0.12590672997661578
-0.513275165798433
-0.36822549869287485
-0.02925645613658775
-0.31430529006917535
-0.09444770119987086
-0.029931603693930126
-0.09426140827604466
-0.007083406316319696
-0.04209727178820654
-0.08535691360908261
-0.07799486736311267
-0.3038121891142916
-0.0234352624467231
-0.2662676416732755
-0.0520258227122993
-0.0028834618300744757
-0.026615365378712473
-0.06723172414708664
-0.17960938839377005
0.02694953614078845
0.10858048075918728
0.3662506958349126
0.3371638965664237
0.0015925133348265556
0.07827912632586752
0.07900504864268285
0.004395840739062606
0.318849280188429
0.3087215581652517
0.2573569828314731
0.03223753695384266
0.2789022037450831
0.018959604147070302
0.32886193161807153
0.3025112915867078
0.31934790804524005
0.04583510760309549
0.24683943090916466
0.521329161024565
-0.2873385826397098
-0.09972992109121431
-0.054376376260884714
-0.36361299807496317
-0.2503819371460606
-0.03572614441193012
-0.11501806620480712
-0.04701837467001791
-0.10012261486805364
-0.18137987564615618
-0.020390083163281107
-0.39039928971743876
-0.24738328815263744
-0.0091839423270599
-0.2757178439171498
-0.27564788481490077
-0.5921422438948206
-0.30796090375540813
-0.23544701097942894
-0.24993097381638316
0.09350950442123801
0.012651235615482499
0.10140743007800554
0.27266969590615925
0.3386849073258949
0.07665951846549546
0.2850105103217218
0.28860313748670885
0.06816899846306175
0.010432056252845432
0.012884098856003357
0.018935721646714417
0.04694396328880812
0.5282036253337417
0.3476942756724013
0.07954621271097974
0.0304458830953037
0.006262184929746164
0.3299757381647224
0.03309518539941775
-0.2948663677226389
-0.0821175507413918
-0.029083035172961194
-0.2578576876466572
-0.6094527351297513
-0.2539595046174194
-0.2012579784962887
-0.023627898003612854
-0.04792593987786308
-0.24265756889320472
-0.2358947871818099
-0.27651331697957915
-0.3855574574956883
-0.24568818607983783
-0.05958098163656874
-0.21324482863679092
-0.19529995251021642
-0.05655611739222404
-0.02061647662922672
-0.21834517952727683
0.02456607299606764
0.030147475888102248
0.5188609032648371
0.023233202479215117
0.2529627084689629
0.053304596305112265
0.02577039260516089
0.4001021762729801
0.02515201937109476
0.12372623846481212
0.08309377364913377
0.03548634740978193
0.048491521514788895
0.23501633619872977
0.20851139622548906
0.3547659901258582
0.5437425336081666
0.3488423157878188
0.226193122628057
0.001667310935380942
-0.02782161514650276
-0.32957372480343716
-0.017433193129398374
-0.5425116717973301
-0.36829273367206244
-0.26340478261123845
-0.06535320678166683
-0.33319152791165535
-0.08604378856521089
-0.26479957842646745
-0.05629296496036866
-0.12196657550839908
-0.005761975569750696
-0.27498992174242615
-0.2747082450207649
-0.0004054999330910286
-0.05801576632584337
-0.28653579190448447
-0.06094197374326012
-0.2862629354314052
0.6201933449750145
0.5145976103467358
0.034573130570151656
0.05166941846294159
0.2805684382832816
0.26948129401404264
0.2820580493917174
0.07471899347751428
0.54617088437255
0.271491113346212
0.07347807712848745
0.5117363224400558
0.29647519014655577
0.3070082797666273
0.07503916235689724
0.48693619778201824
0.3294425748137412
0.08361931325940532
0.09686030160327701
0.21466442345938389
-0.07175093414980926
-0.012397092713335096
-0.3393174806898874
-0.014155340282882073
-0.01470573453955666
-0.2686003757190503
-0.08911270481500981
-0.309805042641317
-0.06043613276000339
-0.33143204792322195
-0.3561675068882795
-0.00986536124178984
-0.25045385928952735
-0.028296063390096018
-0.2715060365266932
-0.36307883616713676
-0.26945324969754125
-0.36802866100827114
-0.3363401695204815
-0.019549762166719605
0.009908026715886217
0.23591704511903497
0.34110037216060085
0.037107606892339745
0.27392705273179185
0.2783683407262576
0.09556638165226096
0.34274771280109506
0.3158856724231854
0.39318976854342724
0.5968036179958548
0.21137937496769105
0.045508063707050225
0.05777060947576635
0.043139978985538695
0.028161414851962583
0.17610346592637985
0.02292122851856083
0.34877694738985365
0.0845993171699586
-0.0543489255293142
-0.24337146634453025
-0.4005073387852085
-0.03440254064311303
-0.05579661541863319
-0.0769358926658762
-0.3383230808403416
-0.24437370949565212
-0.27731701826511307
-0.018241171465849648
-0.22810891368508407
-0.003948674515552069
-0.03877172446692214
-0.3734811880696179
-0.0707969082570526
-0.2078220923623286
-0.04381185000079157
-0.35235966502346616
-0.31175454549813203
-0.28711392631413474
0.2817603346265124
0.23017174603948062
0.5478672194493585
0.35884916624546714
0.023031129789030023
0.05817111266483642
0.053207546154986275
0.08270552686968403
0.11733159808137232
0.02541430044532586
0.036484990278122936
0.5928561439105928
0.35440319465336817
0.02884691796459558
0.2518414324527081
0.3092940593165313
0.052323538901333545
0.5364515065118795
0.05860486487256474
0.017393477049002248
-0.04331210575132083
-0.0005747553100470605
-0.24314717528577276
-0.01708098765817257
-0.041161758723435304
-0.07302208355422173
-0.2792521668903917
-0.33971672164042094
-0.01565997771759361
-0.25060195679801645
-0.4118011042210976
-0.07706854747398591
-0.26477896507706306
-0.112264783373774
-0.038971094526656605
-0.36123342187931406
-0.034085072006210464
-0.041604963277783395
-0.3409577492898789
-0.010577469311278898
0.5783553008868871
0.36476448695468283
0.5698127832031474
0.29306837770798977
0.22438960677008268
0.3000047739958648
0.03723205168776023
0.06235233595318675
0.3028569465805526
0.1140549644423469
0.036237666858618706
0.11125329605215332
0.07916244760508008
0.03377112664985007
0.5584474434317204
0.3761186252729745
0.31048473608368327
0.35234856295502986
0.36433688766296113
0.375752818236374
-0.35214527371958454
-0.3787176258514929
-0.3518197218904509
-0.020859626125780698
-0.3140729785744409
-0.003526543261728211
-0.0028880740265617507
-0.3421944589037099
-0.18525700891640354
-0.02917038862089699
-0.04680135447334405
-0.39081907866001925
-0.39950315476071946
-0.3448939875501582
-0.34387119035128805
-0.01228055634107274
-0.00019904366398226436
-0.2437793391961917
-0.006067381654841493
-0.295359530265767
0.043016807610866924
0.10815793383832256
0.19776960849760572
0.5811073231231969
0.01605238252257155
0.040340098912206385
0.34799550807361906
0.40345709794309825
0.0014245479923054173
0.07994212675431779
0.10702402085688288
0.2726262389814653
0.3752308156844381
0.341750047598123
0.3194011040913197
0.35916365433124786
0.05738859370693681
0.30518895389116496
0.035753943926745406
0.03675712207022001
-0.008735205153631978
-0.3033819235797192
-0.10501300579951114
-0.3698653603339079
-0.03019391825639876
-0.2857141118794612
-0.03417389065972823
-0.04301077906159585
-0.045905236251127524
-0.3237275168550297
-0.03846416496245275
-0.03789316216465054
-0.015077673968325846
-0.0042832529530223516
-0.3819992324721627
-0.025873469147152068
-0.03203665293968365
-0.28776412069781043
-0.32262423557437503
-0.5366903048830123
0.09547647201004923
0.032824969899787185
0.03400485306320624
0.2226782414034157
0.06866222090697663
0.2693147288063514
0.28295288756265324
0.32037621272214006
0.21925948675629706
0.23802180684470464
0.024618936797513976
0.046030376060191565
0.3177049587263831
0.10853148233457643
0.343765801193185
0.2500944269729345
0.008189709039879556
0.376766801277526
0.0690344055236896
0.39669529199933334
-0.5749198227770808
-0.2939956200572312
-0.08169043489008004
-0.14227770058639033
-0.04820951120962269
-0.030614334647239443
-0.24304244997608362
-0.5548603868501081
-0.40480766409647817
-0.28908169418045315
-0.3399182285224845
-0.09972467924051737
-0.03548307920010834
-0.053436805421087086
-0.27015199763812886
-0.5715876633722193
-0.014108728664354135
-0.20171174148235235
-0.26142248426434156
-0.006883334764058627
0.09254282185825528
0.09455533620584682
0.2529982410755501
0.051679040503116724
0.3312574112974059
0.5641785220954253
0.3357550134429326
0.38804519633947543
0.27042772446671814
0.050004805574530076
0.06640184679014116
0.032622905540736366
0.002710265808449764
0.5863293355608205
0.37239699057749054
0.07452804740191682
0.24557053698980855
0.01968447799567838
0.07111106507144523
0.36054306926151836
-0.30335044127715194
-0.05053555394326919
-0.2510623883605868
-0.012079014537370173
-0.2094576284871551
-0.2293883076506091
-0.5343557072925746
-0.300679892435692
-0.23968007302897376
-0.04705537367641931
-0.01582064479331298
-0.3610172389175546
-0.281911358181438
-0.262066858490683
-0.012081762320264278
-0.36002060735419056
-0.01062374602450539
-0.023597864431414515
-0.07464141545962158
-0.37771926860684013
0.2377189607644973
0.18735129789736057
0.2186783741378934
0.012707189965105623
0.33687850366804395
0.523305433563481
0.030042116466679803
0.006789260627027842
0.29802113320014645
0.012738536310444378
0.5688734273249922
0.35174602185081594
0.2979950674126496
0.0076628461366051405
0.3101144515535116
0.19713630216124725
0.36821193486534365
0.013684005354650232
0.2282528455196957
0.06150283502466804
-0.3063452190041232
-0.05398930197654761
-0.010015860162789051
-0.09037808651682157
-0.2580754279698334
-0.07130746806494219
-0.31807108041113014
-0.2334205217035156
-0.28093650916743357
-0.05367292959126986
-0.005011453994410265
-0.0614823171358021
-0.03676568519909488
-0.23189389307333336
-0.06553959383526761
-0.3310544804041995
-0.2377547774280672
-0.036865670632098654
-0.04992207164015644
-0.02138468901246523
0.06678671194772035
0.17120719712932408
0.5167332024501697
0.4812527192667758
0.041927163878213124
0.1195053645929526
0.27869250743849305
0.029079711903324926
0.026170287910060673
0.36012310282281573
0.27147781699360995
0.32571354929024526
0.28915069124594633
0.2660601603056526
0.37043692906067677
0.07276016225777873
0.0004964483969321472
0.3078537121223817
0.07309583507621226
0.2780340467399561
-0.03089129204825067
-0.08009809916351962
-0.28572987623753854
-0.3760315597240413
-0.011623743678544714
-0.017448961352694553
-0.0024432961417680905
-0.317542395900163
-0.3487784460189747
-0.06354323485512961
-0.0361151384842478
-0.06435650288820197
-0.24075338526119347
-0.3239577562951893
-0.2611377532790352
-0.24871611908749922
-0.5398249615742758
-0.3017763161160365
-0.030931224814897514
-0.05304038569064825
0.26260928404713973
0.23972427274341346
0.25305169189203597
0.0016406820177623028
0.07233127218136867
0.2901109180910349
0.2775499442374921
0.36594974545820375
0.03911908729157438
0.06908139194177529
0.2400359817405128
0.31448575020279235
0.010844306031949425
0.5345449458324066
0.03844784007837824
0.532779100114
0.007449572486912259
0.533483458426086
0.30166142565015336
0.6509842458639826
-0.7905577186668014
-0.22279201815533797
-0.0653721604016648
-0.28864652299778126
-0.0870485113148347
-0.029261352249824388
-0.07375731289016403
-0.009195996157909675
-0.09634795880089078
-0.10454270467409768
-0.2974724932108316
-0.546028501739022
-0.3108839926492095
-0.30660822010994376
-0.12831082124008494
-0.3222374486040746
-0.01637503951570057
-0.27351666836031374
-0.06271196135908974
-0.004575954944401855
0.19578183499076454
0.05802847193511507
0.3195403479556646
0.06527561737248312
0.05409193654943541
0.3475483443624795
0.12233137894247255
0.009208198376978465
0.09161841603137147
0.021106614742622737
0.3402909638671104
0.0313361826693832
0.374569146890939
0.020837054642101466
0.3288802922303867
0.40248760786777094
0.30171206125543615
0.1849114217863577
0.3341704051702132
0.030016886821892293
-0.23263432921638813
-0.003952036369449971
-0.041691971025961075
-0.07629314994561652
-0.2622473050116776
-0.0007930436022626577
-0.31072766295341103
-0.39238237120068026
-0.08746330201471728
-0.03742280194046916
-0.25077172668972675
-0.2944209248375963
-0.29553872912036583
-0.24549573297435454
-0.3962601769170932
-0.020664712864328406
-0.3501060821730795
-0.028449149958481832
-0.267500532485397
-0.11669187867956919
0.06818562067084898
0.5151333290433522
0.03687699234816078
0.06424803916112119
0.3193667731486907
0.05016528165694377
0.11437628714939604
0.5516940886759261
0.21520392139477493
0.23801391326808477
0.2540383914696403
0.30352112466610476
0.025214267830831322
0.051579185324671435
0.07590503272263796
0.10049502669134797
0.03891831388216545
0.03415123205471616
0.3668188261664815
0.0043121078643308065
-0.3212186527826458
-0.01977108556820205
-0.24760169810378072
-0.3872255643258367
-0.6148385089795477
-0.24585540144770857
-0.21616681568175528
-0.2527614471724474
-0.017100428804637014
-0.30556448075136033
-0.0634193399758013
-0.21921535353968652
-0.223084205338127
-0.08002565822881033
-0.028218109959035335
-0.022299376750963242
-0.5165628922202943
-0.024305317684814906
-0.0022661586334479277
-0.36709985755780966
0.332998134297527
0.11409149290021602
0.06159297104061806
0.3367361438216825
0.025518203181065048
0.07583669092976177
0.2615530534788782
0.29978855899222
0.21828160698550783
0.3551794958352816
0.34872458270386875
0.06764035290371911
0.02182534548797999
0.42479222318459836
0.26479939200240193
0.28699277182706856
0.07727791524207421
0.030774388501720103
0.22017530500605303
0.4193355802238476
-0.34636384229240025
-0.29187402294059195
-0.07412531383505108
-0.08824541004745234
-0.23857826620995126
-0.26836481553030406
-0.02107785259661335
-0.213249706712766
-0.2980677554996847
-0.06164354271280127
-0.6139770718076674
-0.3681270363582145
-0.07107658138791773
-0.20324563172964205
-0.02561464591331738
-0.04868661151419373
-0.20839894363163225
-0.023861557646432004
-0.07115505971868305
-0.4071556410422313
0.5300717527847105
0.05314499815430878
0.07813905189557503
0.07872392283864915
0.2884135347933241
0.2901694011568913
0.060883147488007154
0.005047553454170165
0.4866513314939108
0.28819653411590884
0.030434341963221194
0.26275755084808267
0.332482999238924
0.01231299016456641
0.33560174432943535
0.019121811421748628
0.13463879885587107
0.05041533234185516
0.26471479811657506
0.021388555678746125
-0.0283835483821107
-0.024010021732664488
-0.32763944964295444
-0.3858743175561615
-0.38144896128720346
-0.06600603208401916
-0.028843913060097922
-0.36037064813666814
-0.30931847094639764
-0.07459973798374818
-0.059142992683537836
-0.022508721453706894
-0.05118874272601683
-0.2560775338409039
-0.5569327897006564
-0.03400218617404687
-0.5047294144499648
-0.5231008644120889
-0.06282783646379084
-0.2553615915318613
0.0049121124564526445
0.2913252079358273
0.0020545456383111323
0.01048534792057715
0.40473132249424193
0.0004309381194910051
0.3624750904782496
0.04792117895969421
0.0222612749977709
0.007632300196056671
0.2984636725095093
0.0015394411439846043
0.2462253420607608
0.2029176275324684
0.05865581152388771
0.27716867563316766
0.06373305345370826
0.02064128569306167
0.26257619015957806
0.01927254073256171
-0.3815802631703338
-0.3527613508820454
-0.40535025545195197
-0.31831096358256955
-0.09381070959137151
-0.35846989330323153
-0.01701455218892973
-0.19039534985704992
-0.012411509056778937
-0.023374514863957706
-0.34805449899497365
-0.2233700771295748
-0.010253117889869826
-0.06478515572284105
-0.08056049644486146
-0.250631439835349
-0.11539146040868958
-0.08804939207074677
-0.09434067422626032
-0.10753800888144462
0.08378379173927995
0.049274472242889854
0.2676260251064608
0.27957772077380777
0.05572875503773086
0.27186940916025026
0.2711399312820065
0.10921942882107843
0.06017791726210436
0.28008901787994
0.25304260147737856
0.013983703798352343
0.1584113253819028
0.42256183946470466
0.06888792605750098
0.31897898092965876
0.08287571309590783
0.013522328268091573
0.0524930467200968
0.2741723411561314
-0.0009445851697161909
-0.0028968527657608693
-0.24659747710841104
-0.3415643530393422
-0.23536021993046582
-0.0302383589569294
-0.24440800342633548
-0.2370432069433663
-0.32280992801301234
-0.09038274026743362
-0.3517755451155886
-0.5791257392551072
-0.004205571134066746
-0.27599165687613775
-0.10426281825616907
-0.23106942748172848
-0.26680043650146545
-0.07765631295894507
-0.0522275677303982
-0.05853781604937583
0.10572596680556677
0.35584767067124123
0.04153795707815232
0.2800260531186807
0.3744674472184997
0.043429008803862634
0.07828010334187153
0.26115056040775664
0.2186789203563036
0.32863787715457005
0.03522576408732486
0.2794503337636288
0.0025904051910900683
0.07095269689759309
0.570528357597198
0.3170720238634483
0.2753880076755217
0.24948919701950645
0.09581273956920504
0.09451088891969169
-0.043173158798711676
-0.3575712386757748
-0.28799947234207307
-0.005004435307342531
-0.08950668546753986
-0.04412674188716749
-0.30120214266401346
-0.4086092253933816
-0.23099384459354178
-0.2951133693919234
-0.08610938776982269
-0.06908833511502602
-0.31745265121615757
-0.10006599388839726
-0.03729835148122077
-0.013790208724758047
-0.2980557026777677
-0.06893628943344447
-0.016304391458595354
-0.06650965799360413
0.3102643553947637
0.2805042135952066
0.06462628316648086
0.5710124769994305
0.008106083719830503
0.3463698944927881
0.10605429599385213
0.11337704474261072
0.319809670733225
0.23394944247680602
0.31209180275963666
0.08785379678314255
0.03362105026568172
0.006121063628898568
0.01338318830385258
0.0254902299025127
0.2643474812622411
0.20697637779233047
0.3110689974009495
0.28097012008397454
-0.03609212439332568
-0.014539778542349946
-0.2619034750518921
-0.03448529853752501
-0.011565831014577102
-0.019675134769569586
-0.47390564914735916
-0.03917218661844068
-0.028739706166666747
-0.2796057443371273
-0.01953992503123221
-0.015580283205818555
-0.2710923727465934
-0.27261894580234197
-0.0178071120389287
-0.03290760625341353
-0.08439697476317237
-0.3782117465994984
-0.3012595159714548
-0.04989054624351359
0.22575454259451574
0.2034421593627935
0.03164906150019392
0.38143483628628
0.5567601166467233
0.04307218301072307
0.30836783707294807
0.06958000276639296
0.08782502934092033
0.019098312324625725
0.3709248472246008
0.24856192458816195
0.25817504547284426
0.04417393182481656
0.014795633517101349
0.2785823302631528
0.5287488575888124
0.3688894904992461
0.322384024803914
0.2549352698971612
-0.33872009618348103
-0.2958010577996985
-0.31763169175616296
-0.29313769408807
-0.04765288332326368
-0.3644168555288472
-0.021277441562257415
-0.27931929536847516
-0.05352481693719507
-0.013301349479399375
-0.020490956293807427
-0.3415183783793309
-0.029727818069201176
-0.025340692175935684
-0.04076481756047712
-0.3244917209450066
-0.3007513038349925
-0.2560265265929486
-0.06337323212729963
-0.3556602831919733
0.00035383708599558773
0.06374529749585009
0.24096288468946767
0.4058518976268236
0.5654955454524152
0.07199104289908519
0.03687291561085662
0.7652138295231271
0.12081701983737736
0.1350563459002116
0.35370916698222316
0.0015447768598151489
0.604004704930521
0.3696901395571606
0.23634369250005902
0.29259195395495297
0.28049781599999046
0.39003088432238175
0.26699881102772094
0.04535142830964875
-0.2196968747647603
-0.2800123099977775
-0.029830609585621476
-0.33209820952312047
-0.3007369621562866
-0.7204452414275304
-0.030188480056764506
-0.045355214370087535
-0.05018420170659419
-0.32295496453318456
-0.3540582112138071
-0.37721746011781765
-0.026718301621709246
-0.6465838784730755
-0.053874259133275794
-0.024681132092653362
-0.003731800746043918
-0.27326244566815255
-0.2555394896630708
-0.12690525967181512
0.018299989880174523
0.2866227163419955
0.3291906933644375
0.11707776937931029
0.003191398080899079
0.05044553576470978
0.03577968857579195
0.2218020880546325
0.06905968911606586
0.510164625829478
0.3076069541800312
0.48849530624630016
0.07332635588263108
0.005719979040063503
0.2830879222854631
0.03363659964762271
0.02007037430493821
0.07900972736195001
0.06363602734324966
0.045093940465581364
-0.36148080556410617
-0.2636036861534083
-0.036170893122360034
-0.02414524802322389
-0.35802918548508517
-0.3241607044846956
-0.2377118533928899
-0.005986192972342888
-0.058547154698875274
-0.27898401072425766
-0.28052371211519067
-0.2908313103791985
-0.03857238932229666
-0.05250494919433199
-0.05256723457834673
-0.5499759005838771
-0.02117789115701836
-0.056732193884009616
-0.2593776831071754
-0.06503873736355995
0.07245852254687421
0.014819984473827886
0.2550831264111029
0.026055290466708694
0.009042971706779044
0.09409321083100618
0.5594170889502614
0.2772868669637218
0.21023823066741806
0.07961492107880526
0.062461599353349044
0.28802604758886874
0.11666854512266966
0.5623047159070784
0.02906409053514623
0.33636761397315157
0.04436477271409617
0.08902826531701359
0.021898476613758048
0.06509724267499123
-0.17967844009647277
-0.2792774537787293
-0.05243408014721374
-0.3272615616314612
-0.062120587517451455
-0.2348504531726096
-0.025091793993856793
-0.020343687513491412
-0.2153910476286264
-0.27408480793366163
-0.033474258298372236
-0.04280613839196854
-0.6334369255700129
-0.3725854896750266
-0.1213551854060396
-0.2697663035981288
-0.06556688056964267
-0.2548265382743416
-0.03052347780646624
-0.359692325039135
0.23439108211269938
0.2775948436189915
0.5663139477565492
0.3052229047338603
0.032021079298071804
0.3270908643541551
0.3253807335938113
0.45954987110640005
0.029381444829231655
0.3851341162938339
0.3266222504641904
0.043480772533475626
0.22902940502756808
0.0458760440788533
0.001617028118863711
0.256857944209619
0.3003119737803063
0.310072732607323
0.03539187718675254
0.004520883342841775
-0.5437439386694373
-0.07461603317672987
-0.023554241560866884
-0.0407540560174139
-0.2866998257223813
-0.3896864925016959
-0.30414598859937186
-0.022377068014328743
-0.017990895970540946
-0.046312516068100024
-0.006651370545627013
-0.06936618509414706
-0.650252417196797
-0.06304032068270449
-0.07918224305899015
-0.3340120515277243
-0.07352995514521449
-0.016865463001826102
-0.3040809557589532
-0.39082019478007124
0.02574392262761486
0.008385316886048004
0.06092073435926471
0.12194822150170838
0.3264570631401269
0.26613051169370644
0.04196279054092807
0.3082836733622928
0.360513992360804
0.010781619206837288
0.3038013852433526
0.02624738484669635
0.6026268902103774
0.30974494621115944
0.2854643895066262
0.42409791766198096
0.3803293253809544
0.3763992293086251
0.018912568901069213
0.04171422447383611
-0.2713376602312414
-0.21377262530537872
-0.263177500468717
-0.013572473892040792
-0.3081215466467378
-0.30045200710900866
-0.013521620425409636
-0.020434930641285386
-0.3138021435969467
-0.02198282556324834
-0.28590981219361006
-0.3068051555801656
-0.09593109472558974
-0.22080540725783607
-0.0880484005201458
-0.0013006741176592952
-0.34679434448358454
-0.23134259666374918
-0.278658347144516
-0.059465497324673745
0.0442340689220996
0.3374222995410524
0.30828673804734413
0.5107103943724305
0.0016853508686512275
0.3431646137714046
0.07805112060799876
0.23909012380572808
0.2356505568101468
0.3276060014672068
0.2713707689909609
0.27621870895260414
0.0050815259044813205
0.3186737877643902
0.04427497954936233
0.089215483033842
0.009883976852341495
0.339057336522375
0.06537309539080029
0.11345634352574478
-0.19920273859847692
-0.29096107131233756
-0.2781155120829127
-0.0010392049147845666
-0.333205140524312
-0.058296380647437286
-0.26685724195417665
-0.0787862819585754
-0.03300878019282209
-0.023412796619324713
-0.30929269418285665
-0.3383068017488854
-0.06741301689826136
-0.25559771997548375
-0.3672138970543834
-0.0347650297834404
-0.2732143170866921
-0.560512526225172
-0.04345517763685776
-0.021196908602830352
0.28249594439120845
0.30713009971782673
0.09191242550394298
0.29314381041048476
0.04543346923411699
0.07735929072447216
0.011052904980673284
0.2681934734816077
0.0765489447895769
0.41914505332176444
0.043742094253128506
0.3161304029499953
0.0032427320361882077
0.0989829468874485
0.21033303065774775
0.5216381168698347
0.03252591980084444
0.2387029931464122
0.012812580778713284
0.3020053297441417
-0.18196800395475937
-0.314972096693304
-0.37652515176173784
-0.32247015986636923
-0.01706695154020478
-0.06709184060536279
-0.23293332651193685
-0.003022586405947749
-0.0712284885269842
-0.23526517997989616
-0.3322590367440266
-0.31431880823303243
-0.2910603038095497
-0.0396309879921182
-0.012885601740111895
-0.31699796903805205
-0.02140644853760119
-0.30063251520458406
-0.2487005354729174
-0.0675252161417318
0.28247431462636935
0.049348660532304724
0.039286471777668065
0.6581789475216995
0.25054172292091215
0.36790377621939035
0.34074096724594166
0.5784474780247547
0.06011379397456228
0.29791120895205503
0.27132220519692374
0.6852859942901547
0.02511246567907585
0.26723761932473367
0.03376741725285566
0.06519060276301814
0.018885367734223002
0.10259017822201684
0.005089648814925967
0.5101761384100391
-0.5381781498676372
-0.0002517312444430038
-0.28133773977251
-0.28606768173914676
-0.0677283217982941
-0.31135045063910854
-0.3533114908469008
-0.28244186582189956
-0.3009339556842919
-0.054960880561487006
-0.012410660180615088
-0.2820225037098166
-0.31566214692383654
-0.12836016816402607
-0.06224573938945501
-0.007392529663675125
-0.0008701948070499391
-0.06203069100061737
-0.03663095183906275
-0.5447500925124099
0.38679913347143174
0.09050875779174002
0.07015800590640123
0.006399754262013352
0.33512376193180143
0.5522004733148878
0.22862425557328858
0.2710696283275254
0.22738051908695528
0.28704067898610347
0.0577594387057561
0.2856578766193793
0.5541459788105639
0.3397078475143338
0.3578070127492408
0.3381621580075131
0.26634108401997614
0.47278337425527167
0.27648041066365653
0.11694737342365559
-0.08668813281102122
-0.2285703757464912
-0.10350869693517556
-0.021100536254870534
-0.010757596910765502
-0.06253360201147888
-0.052982670299586386
-0.07703986870844069
-0.02846037206796028
-0.6016992949584644
-0.0430503176784078
-0.24515326754891764
-0.3259691576398267
-0.014306698671073615
-0.2802605296840009
-0.09401244320371406
-0.0254425604646905
-0.5278461261785055
-0.23063117110264061
-0.5796305462410549
0.24178161882774732
0.22819259046368756
0.0943998872542785
0.17429910236059631
0.37455486278919164
0.3190177592187115
0.06254807229496066
0.2339630749663142
0.2329120026313825
0.01643346917543017
0.3101170636230605
0.5051992972806252
0.011504724888710852
0.06903417987364607
0.23287098935459474
0.11355102643093076
0.2761211122611906
0.072902666709701
0.014794767376502274
0.04882619480926255
-0.30844168769498703
-0.2679699288385911
-0.31417981265297
-0.2535456585376475
-0.00594743600842057
-0.3782836557077935
-0.3776368365392248
-0.061119439074236497
-0.27188854519359895
-0.30522871814509217
-0.3102613409918588
-0.06002751415467842
-0.007057879335454439
-0.3534413486381917
-0.07075778822250853
-0.09198710530412835
-0.2759950647489982
-0.010278393757208551
-0.22261811514820895
-0.26887833015021606
0.338589980987371
0.0178182507722289
0.049484875825217635
0.5996955038998786
0.03926279066957907
0.2760522578859086
0.035061675804844934
0.27216026256494036
0.08194674842313408
0.1968848998372737
0.025778081213398682
0.019569802751729697
0.006512486582111214
0.2834159709182534
0.041914935856594476
0.3030899113875191
0.2806651597209897
0.10271773894655536
0.026047862817398827
0.07326564101200457
-0.09576322538398159
-0.06245756790294914
-0.011331793487848137
-0.31275610298986833
-0.09324467668525206
-0.09452702918612706
-0.05944836979218065
-0.006237728134313237
-0.31192573079547276
-0.1016246553908395
-0.29850352736592045
-0.05194718802777977
-0.031126943156177773
-0.3092481344868556
-0.3384254921675443
-0.11709110367012554
-0.026356060706618157
-0.25409228211439583
-0.2907471183711214
-0.08507640472544542
0.20835618664269454
0.5311322460942935
0.020023872811796045
0.012822326767994942
0.4018404804401868
0.24946498672676704
0.04940195306066087
0.020512641450885896
0.0011957886948501394
0.03851928183882249
0.28487442461592644
0.06689611463552017
0.27504873384853307
0.2499597008114021
0.2799970592891566
0.31411138987169285
0.28590264380823566
0.002822680864179746
0.24568736629520344
0.0027080435106150522
-0.01022254181703225
-0.10689928251712141
-0.06334955988940784
-0.31853581588224356
-0.2704762600289155
-0.2680627553884648
-0.19584737047156492
-0.41709946593861075
-0.027663595706397218
-0.34998427315267805
-0.06721948455435645
-0.032994484984706654
-0.016933699494468674
-0.2860699162369204
-0.316534542894254
-0.00027618444526029013
-0.28366584600600625
-0.279259718056097
-0.48331913504966006
-0.39092202486061506
0.2656891823618687
0.06542113619670946
0.06633282642890188
0.27085518593089547
0.06799823289348594
0.3700143747802818
0.008128375065810404
0.21072561425598738
0.048042759368826744
0.022401713354716492
0.6008864105436633
0.04771969659771638
0.008948440294495975
0.038727524893046046
0.21227258321611048
0.25894487846991265
0.02974784676101913
0.34931371219270907
0.08243781997768655
0.33772978428909867
-0.06131946857902634
-0.5237518758989103
-0.3331091050289749
-0.013242813254046073
-0.08507088643310476
-0.5308625848971363
-0.27413909626090444
-0.08423705987619125
-0.22627218721224987
-0.08041445124544899
-0.5965604848528427
-0.2053258823814946
-0.024854204754333354
-0.22656880531585583
-0.19139970222109415
-0.3535026772487712
-0.10329161164129541
-0.3319647419580551
-0.020337022821553474
-0.3296254095749012
0.5450186640120956
0.06955955292131882
0.4079543314189543
0.05371711215178584
0.33371852211913783
0.004784553333267135
0.03993769383341431
0.31925574639165294
0.27644158615466624
0.04090222129867975
0.29037399874472336
0.29031478949483264
0.24089860343031497
0.24022946214399366
0.0602730064444422
0.023016805693352585
0.39042233385076375
0.2653017931117278
0.0010182231491382093
0.32641444364810895
-0.36256994017031746
-0.02300520118898106
-0.3344510074965527
-0.2213990749607946
-0.3570923387375247
-0.006171910145476879
-0.0002451908949348359
-0.27279666837101463
-0.0019758043180104572
-0.027873062662978763
-0.27848152205842097
-0.2276666485478319
-0.07093468044306521
-0.2825710275547289
-0.05917849908222
-0.344518836902701
-0.08738431726239573
-0.014771475133249197
-0.010217656033728453
-0.04924454475645026
0.03283172946446002
0.04099210487466864
0.29243353899198243
0.11589935489351075
0.024573129724775638
0.28327876096524257
0.07508319365022809
0.2876475253324527
0.0519807739917805
0.30083265977990054
0.01693300589868918
0.4270512246401801
0.07547553727475644
0.27284112688191686
0.058203151869742294
0.06346260925349638
0.047418239371921564
0.37425837866885997
0.22477018810835303
0.04709095464057354
-0.3966997988282329
-0.04618849543508369
-0.025028090530428652
-0.24610844770699444
-0.3652729357354806
-0.3066399881855388
-0.28066815465952477
-0.34174447000138064
-0.28216875694479726
-0.2891572089636505
-0.08029472242357977
-0.05874214659389503
-0.07758653246775189
-0.29833000430955375
-0.0009373109746333159
-0.2671090662929831
-0.09206646128846252
-0.28306666331794406
-0.1790035451356956
-0.05897114323258117
0.08303135815678798
0.32803836501182726
0.313154544738258
0.34327491141611566
0.3868358859472944
0.5327232388821056
0.024201797523821993
0.39089169167110216
0.3503196984117189
0.5378436422195151
0.190731828621194
0.255307915219073
0.26908687618033084
0.3107916933281855
0.26389258653546876
0.3317924445798682
0.05943892590749345
0.394860712082743
0.35472089802245305
0.0316448753435259
-0.008813917319227565
-0.33617517558227633
-0.27673529109281464
-0.1895283765605527
-0.32572390234788734
-0.04279386668240738
-0.5352619134263985
-0.27917596054313315
-0.03714979735577039
-0.022592583247606192
-0.25445658996922704
-0.2634469494372948
-0.009297970784737554
-0.2582819728090365
-0.11142812908320154
-0.027579357150337307
-0.26834026946910106
-0.26269874502965523
-0.03945354751546655
-0.09338661327841466
0.2754609142977887
0.07818902369537772
0.2781753228605978
0.6638995187056813
0.3039619174702104
0.21376887096831676
0.03962935197771952
0.029864225078078045
0.5450738905113642
0.25303809892459206
0.25423775506256074
0.00198441716937905
0.3533390960636632
0.09178944543482001
0.2512447296040414
0.30391765411699323
0.01067842955321734
0.4013628687989546
0.28983639016947504
0.5236635971661263
-0.03518146855216898
-0.2331768044374974
-0.038311990509265564
-0.04260862534061488
-0.0032723881655715103
-0.3003020712270829
-0.3232678729648631
-0.03191525823762186
-0.06079698012642109
-0.2838353826761353
-0.508957425865682
-0.7132531536874919
-0.07545037516463508
-0.261432353224081
-0.028404489599315894
-0.35058997501564676
-0.2934731133634432
-0.3074932608598358
-0.2992139770582902
-0.2650348563200988
0.02118684640715815
0.1076696617118421
0.3342666491851289
0.05348164824640831
0.022678866018573718
0.25841952346998665
0.03191298846498094
0.3181378176822202
0.2965304559189396
0.2698252806855254
0.0625260351054771
0.11838303169997857
0.26238722455745705
0.05372428629724085
0.022152591041889935
0.32053696935262704
0.390070142647822
0.23044850905620534
0.3148417365082872
0.21080074534493992
-0.36135346078419706
-0.3171804846595286
-0.2933834479971304
-0.09494972755842597
-0.03815867363784039
-0.3496082859010327
-0.039718732347157434
-0.4227125253035263
-0.2905082808747341
-0.3371566652868583
-0.003824371199717675
-0.00016996054125088225
-0.04054894093667398
-0.005308470813340112
-0.34910136704675
-0.021447829311812817
-0.37451404407825895
-0.049545317342394674
-0.5393792127805522
-0.38738659755573707
0.326879695250309
0.20281705313426027
0.06487351039525183
0.12729418937030154
0.06925263905406355
0.022668028757461434
0.29791188616626213
0.016288603982014982
0.35126076208361906
0.06401784562831879
0.0642355523744048
0.2821787535809276
0.3209185339497933
0.06874786567960997
0.23513221383645788
0.20352661294730282
0.2493830205391899
0.020067430042759626
0.011681780661065243
0.3707361728126875
-0.01915321655640346
-0.5274392952567265
-0.08546859848443385
-0.2509143524916774
-0.22761344609490963
-0.37464578621011935
-0.3168472200436315
-0.575615351893655
-0.027714333319028443
-0.5490978013364562
-0.21452802501485083
-0.13201444287146136
-0.2998052614997825
-0.025536359401193084
-0.24192915994042047
-0.02600478263316263
-0.05193841149235145
-0.3641620523771284
-0.01486089091013243
-0.0645123780232989
0.08098811411655525
0.07676353769751391
0.2744402916748596
0.045006644176925494
0.49055208161631214
0.020083349602792164
0.21149315532463792
0.27348911700416423
0.09690196920783134
0.190173400254943
0.18645525610556493
0.2966611412347476
0.18437259952579813
0.38487979571732595
0.04831854347216129
0.07961437602784817
0.09872067416902168
0.326726305391142
0.0730973224692287
0.3691768822132988
-0.5387539782714251
-0.3072162976820074
-0.27243296008009826
-0.020182004947240182
-0.0876064236217207
-0.012508570359635355
-0.054431815978086655
-0.3690118310415202
-0.05370651613284293
-0.3538458404283894
-0.37019123122718894
-0.2865711586967534
-0.3263955024520576
-0.031924115298232324
-0.018291045421184877
-0.30438595800207763
-0.3370289368595528
-0.07720227003282662
-0.24553062200492043
-0.3285209774343062
0.010672815864208408
0.00852639181370843
0.02085854571417815
0.023056205726146948
0.10569865647477077
0.004940242528472376
0.03504596702539056
0.352304612718985
0.38626455560127615
0.32098927078593464
0.4193654056336662
0.004661937981779386
0.2999096844489342
0.03866063866299834
0.3021992382604223
0.027507694672963073
0.016110866384366634
0.3351257770824235
0.5129688243379278
0.29988469005906354
-0.22853305099388357
-0.012825905287831875
-0.013255234868318587
-0.2308831568253753
-0.016240053946242276
-0.0009064029844302509
-0.26467978502763434
-0.0504542740014914
-0.047062336751442765
-0.00543585095770631
-0.5866389992891327
-0.06664780102323489
-0.011539756789192864
-0.030320586014252644
-0.2963226679542201
-0.12462143177416417
-0.3681556620187549
-0.33259166446644456
-0.10553754335138929
-0.007988854796019422
0.2749083993932095
0.11417817439718102
0.3618727229003113
0.02822752285222624
0.08804433574177009
0.03909451783303453
0.05609107203804445
0.38398094745945266
0.2074915299393935
0.05764935921631986
0.19442033777507176
0.0036009653168449503
0.27477030278503745
0.5857294547190799
0.10135806117646196
0.0022983979875830013
0.1119110160780653
0.33546192737857616
0.31764233698019695
0.5381267263547321
-0.2601665793131563
-0.01586561681218758
-0.29290368225665697
-0.2393410705092352
-0.052433071128190956
-0.10745673077723315
-0.0717249995158365
-0.5246496261685044
-0.27148322702845595
-0.08178718843447859
-0.5947138969319914
-0.3292515701864342
-0.042075584190808014
-0.09603980169422678
-0.33677373668227684
-0.04914588376782181
-0.33654856667158173
-0.32456393322297955
-0.3892513233934056
-0.6067094241761675
