0.8250006706504074
0.05575555939054882
0.09630578826639975
0.9498262236003404
0.806703435058229
0.04444602963414099
0.8886264879584949
0.8706654714040863
0.7883736477247748
0.3350285767159985
0.5608139469593877
0.39424496099072187
0.09067659978903263
0.8357011330319359
0.37013180048738203
0.0681469214272412
0.7738087571686785
0.21759522926003314
0.523586792158256
0.048739207388182264
0.6186370431981253
0.8060017357550667
0.04768157550409108
0.6824415634419778
0.08107578387633052
0.39843999782528317
0.3613237201505241
0.8303212573905194
0.08017018397952826
1.0586790564534176
0.035152821962820865
0.8436887764716787
-0.6013652932216775
-0.949765327674632
-0.24112606312473397
-0.04554988315253289
-0.07234043642369543
-0.04279023121720239
-0.07011674961230178
-0.05061080013071312
-1.026821606495463
-0.060275240646142286
-0.06445912107392662
-0.31719142807005574
-1.069817061427177
-0.817784595189732
-0.5967915868935912
-0.6300332218829765
-0.796244510441692
-0.6281870914606423
-1.0340143390131498
-0.25245769237778126
-0.25811033802380157
-0.8210526017422548
-0.5931478969070645
-0.054891852125645485
-0.38174227194998733
-0.8337437047377436
-0.8303049459214967
-0.09164744374390825
-0.39345510949635226
-0.10724419678871179
-0.04705988015667199
-0.5876425244582909
0.7997815278727372
0.03808071393157988
0.6442416275465088
0.6261546137224112
0.9743036581697685
0.04582958366563615
0.2759489168924994
0.35648175062732484
0.039636286376559936
0.6089053911011311
0.3737472465623542
0.24836428992421714
0.28678894799836485
0.8623742363704104
0.5838987182406146
0.0505423876662913
0.5560571720215982
0.051444916436992935
0.054810075873421744
1.008018927381283
0.9263548087511342
0.05236862878884389
0.424244604857631
0.5212843853692541
0.4158905302922923
0.8103720912335319
0.5505496726156506
0.06410418787561425
0.11150503865255673
0.0963433136296077
1.0708251995309246
0.13650710363075186
-0.2751825756894702
-0.04283873628262412
-0.6235838317322931
-0.043799031286838125
-0.05110055447977472
-0.852550259273666
-0.08033196980146107
-0.33816394625225094
-0.31585063917880357
-0.40863271094625403
-0.06855616767376045
-0.6358200275905151
-0.8216040670811964
-0.03310498211751389
-0.604262859647263
-0.39278304164185823
-0.2940461823053879
-0.9866847823954525
-0.27492255704625684
-1.0017928038605681
-0.11229840212012128
-0.29706029956311064
-0.8184354707246243
-0.8329665411840917
-0.7613774380724472
-0.9613395555031905
-0.7008386795421052
-0.3303250071753278
-0.32599486098961894
-0.8916831137363556
-0.3865400791963379
-0.10549743969169798
1.0590129954418894
0.2915295466902438
0.7714913240634177
0.556422672409588
0.8107786818188657
0.571828163651426
0.39412472579800567
0.03671053202089547
0.04970819168567439
0.2561946568892305
0.7913440920700275
0.04861079571522255
0.6159691478187806
0.25184816462986176
0.6217482226135757
0.8191813123838093
0.058809758322522526
0.7872051999063492
0.07038392968013713
0.33454365682877346
0.3712006513391539
0.0332590825328797
0.6557478704264842
0.04551955434123799
0.13123198323182197
0.8179441634329022
0.03717147982155388
1.021382629027196
0.5081360280325826
0.6864412901144253
0.8773361122593766
0.08415261968439716
-0.06198624781339556
-0.6193389500331347
-0.644288057119934
-0.6422100558944798
-0.8238022897913627
-0.8422156153042429
-0.5647883795483604
-0.2749126244660246
-0.08017726829810715
-0.1443182637258465
-0.9075889247904582
-0.8460088528462177
-0.0616765868067199
-0.6286161676156243
-0.2445662581611231
-0.8217832608730374
-0.5307782555237187
-0.25623053987340405
-0.03568186139393319
-0.3439340798811712
-0.8103306918498282
-0.2531019260301247
-0.049459749707169924
-0.25672979907177124
-0.034646199426360616
-0.10168871803735816
-0.6630753941357209
-0.9226384461439098
-0.12921475983176045
-0.6040996788795664
-0.3143124600529425
-0.6591489212447921
0.6096939952738941
0.6297438844642032
0.7828596560973823
0.3348144770335019
0.5929843569758178
0.5709473134746972
0.31541106875746366
0.5356896050610569
0.7751982274673881
0.7751099661900587
0.1177969718713319
0.8193236915167722
0.37967122708851025
0.4655800666626354
0.30362956256808965
0.5482480029739594
0.7507020664336824
0.855559962463637
0.06657778803772599
0.616449255346519
0.060685781070534586
0.24496230336288027
0.7791960501101947
0.7769271722408949
0.8855030613971644
0.35987010126262975
0.0647203423760502
0.8033110452728379
0.7917431907652088
0.8145833359223796
0.050547021141825306
0.8252241781392295
-0.8896308947601679
-0.6862103404043716
-0.09774601910067533
-0.8610045772226446
-0.12174783715899293
-0.9279011807420817
-0.9101728525088429
-0.41566463129207426
-0.30943823461659364
-0.05108692689742894
-0.857589984898933
-0.06408259665472629
-0.5950439671997609
-0.5743168858407187
-0.8084410866096159
-0.6132185531015214
-0.8203044941550844
-0.4215574057063985
-0.4058064542043954
-0.06609528042041078
-0.809489408882835
-0.3187993087108491
-0.9199313661951348
-0.42127358663375
-0.8347722869628684
-0.9590122728082267
-0.5448637580748614
-0.3270066305645177
-0.2737207090308844
-0.2608058802936675
-0.7959046057133514
-0.7937457115419252
0.04399532801953564
0.27234178521027175
0.036366961655034905
0.37551999126176094
0.263214488019792
0.589072843524185
0.06401110326672944
0.4327363585861942
0.06239657600663485
0.03936622527916815
0.9149004297751364
0.8094571289063887
0.040242863954838316
0.5870774118940858
0.25952340735905993
0.2547061634968703
0.7868638477950588
0.5219314762587418
0.30963307650520017
0.06100014041566674
0.03329510955015536
0.6196331886010433
0.06566747499883421
0.06037586428637046
0.6084631994023398
0.24961548456421814
0.25252342629651936
0.3131500720620032
0.34708177164538995
0.08991799284546134
0.24707374640064297
0.23042756336747686
-0.36959709602023283
-0.5124663963116401
-0.915082657178067
-0.04487569129332854
-0.5912330253245967
-0.7968559415886011
-0.38281043171825696
-0.8201295752195115
-0.0626885076616793
-0.5498385535108281
-0.36865444809805065
-0.06696451452339326
-0.9323953486811551
-0.08365038602340272
-0.04187084858331625
-0.8190005067396796
-0.6669104130205977
-0.2923138838531306
-0.10175686053376379
-0.03434955946472317
-0.347825323461792
-0.35443478223229397
-0.9461418061238638
-0.03718466844338057
-0.8265958247683407
-0.8786139745880381
-0.0510627798285876
-0.34182946796480795
-0.3376361674398738
-0.832455472489062
-0.07429653331227194
-0.8181595270823786
0.31910782273196586
0.8193684281602304
0.03398897107831376
0.35344947261729764
0.06540806544745488
0.08407747753737016
0.6433235020154016
0.2924630237425742
0.1258478961242473
0.34112501734466144
0.80632760301381
0.04067049425336588
1.0811375853659586
0.27699212490684494
0.6739735725351185
0.7810053290986562
0.31368339542663126
0.06325400876033418
0.04742933882627959
0.6397724692354662
0.6224697441037639
0.07254043868528441
0.7541174430227022
0.7766769844713809
0.9213272161328658
0.6401840083599989
0.8386395450532432
0.8787906254382996
0.6335490568816348
0.3141735178670583
0.05353183720425383
0.0792904730850526
-0.6434672630263836
-0.034340371337228046
-0.3297179913974613
-0.03379029258436218
-0.22751148135525065
-0.046509281086443394
-0.6516268160977217
-0.8366648260226217
-0.929439681824697
-0.07482589204647161
-0.07923661486884113
-0.35792551023847263
-0.38246047405566913
-0.8208896923249134
-0.6319792692733073
-0.3633186153143841
-0.03571192884983523
-0.6274020783083093
-0.2504124475985615
-0.35665868338950735
-0.5680591661872492
-0.4377550987240656
-0.3315514687839623
-0.06341743543578778
-0.6540811642256908
-0.27722467733275097
-0.9029877846052086
-0.24024584718090952
-0.07525740554651894
-0.6210577188530401
-0.05288951397262651
-0.04027056971154733
0.5415946897777667
0.7860916223501937
0.8004925724335679
0.9079215754323715
0.5119274440695037
0.4377328350118644
0.28461242096106437
0.05914647012963582
0.07197182611166962
0.7785170443205088
0.38621531590978886
0.6422282095837467
0.03732401116819167
0.7877928908305866
0.62338918419392
0.7842450645681618
0.3260618136314242
0.3980086223581755
0.3279572724387093
0.28829210118557463
0.8296405293560778
0.9992174430876549
0.7486346222031762
0.6445705161331945
0.5709594854075334
0.5548746477056489
0.6195468011218954
0.061597466381541434
0.5906417809841852
0.03894168913436887
0.30149733251226846
0.7961793014492587
-0.06572110811821229
-0.2558311194338404
-0.8030993910617822
-0.2413587961120066
-0.5581121696174511
-0.06650231672544778
-0.6587921874450204
-0.7775937186556142
-0.07162512064544857
-0.7517238370587909
-0.3611114750399172
-0.7704606858656168
-1.0618880713224006
-0.07837124696736827
-0.29675071000522796
-0.6882673374215071
-0.7841829801649449
-0.35782529135081326
-0.3745607177745758
-1.0166465016520843
-0.5249156794824182
-0.5323255876649677
-0.6556104705021354
-0.351385587257401
-0.06621280578525696
-0.28730386573339634
-0.3566303352129919
-0.07245239789303874
-0.06668973008182777
-0.8546226842500011
-0.7660324955107107
-0.1108990794252849
0.6814192356772546
0.6289635626254727
0.037359932681547144
1.0013754667221584
0.2605854132455465
0.06399587323841696
0.07145799585252466
0.6253313982397263
0.27507484789671083
0.836622905657323
0.8585386570893009
0.8651700965274823
0.06400386082246477
0.37680383096462017
0.0784674160706101
0.044940711582696594
0.7756410400499891
0.38351416303260144
0.04277811492316198
0.37563593397046235
0.6502944282977381
0.04777640881801491
0.30145848169500317
0.8137681537957212
0.6151989189918279
0.6720087837967137
0.29788357534084786
0.13661750872811268
0.2820755057639619
0.04978993058719163
0.795449996449184
0.4329521380710426
-0.8249501594450642
-0.3082315420588537
-0.05095236930773983
-0.5941310222840206
-0.07335349185132839
-0.036836572008006684
-0.06151870120652216
-0.03414066463780356
-1.0815137973348448
-0.06913619102518699
-0.05648260328911509
-0.6394470532297392
-0.816064315064074
-0.04157596369534028
-0.12024989976427211
-0.605345834659688
-0.048656968655798605
-0.5528338509349712
-0.6185339203932722
-0.8411841488484958
-0.5999574406798608
-0.8126405804586173
-0.3139130025519976
-0.04835725196475536
-0.9239430505575902
-0.8993365025338756
-0.39972510165812486
-0.799773147909812
-0.5621775506219749
-0.2851021274756975
-0.842089946285663
-0.3670289753309813
0.6024883919512041
0.8044226266669425
0.7355106974404966
0.6724920297850716
0.5120233765676991
0.2444646321374971
0.6657782551828263
0.047976101103296205
0.7898675416949782
0.40975601264229916
0.6559407531797795
0.7801312640923421
0.5728714124076908
0.10226012851757511
0.8491997816301592
0.8269360021139733
0.03371584877295378
0.0379643927114707
0.0731477896473178
0.6629471687625023
0.049017924430558926
0.2537946708994561
0.3730534284012013
0.3156727454749275
0.04994731801401821
0.11067036567656623
0.07095291445187069
0.6131960309868739
0.9072198487936252
0.06398459515912389
0.7756993990979801
0.8003592117556154
-0.7907607805885243
-0.10068323774747866
-0.8360170870821678
-0.5856790608485792
-0.12954678931785818
-0.07723439184056685
-0.7873383348333324
-0.656274350389025
-1.023223899496033
-0.25360258272528263
-0.08920313253508529
-0.07055243060135868
-0.257398877682606
-0.2738880786410022
-0.8309109409348252
-0.6885969081198707
-0.061780565078445954
-0.7867397822647553
-0.7719284840993578
-0.5673098920600665
-0.8672880860702639
-0.7908279170267742
-0.5532175428829232
-0.12588719590836744
-0.8062052233133086
-0.5408220655217731
-0.3677137982243483
-0.644915433601779
-0.044729105372975614
-0.1091211529401093
-0.32495325510012896
-0.7651229359754194
0.366212156299139
0.8044567554065365
0.0513793392383016
0.044290797012060554
0.35616055271997105
0.2916829865470673
0.06507125354906176
0.45259387639453563
0.6307287693482796
0.07415317759942544
0.8378292401738004
0.33150380208639135
0.6176089352222723
0.05953188804616079
0.03360405344547745
0.7833870529228657
0.5753613297331376
0.8272926990862215
0.8851675016847875
0.5568229939007209
1.075533382230934
0.4059771568269598
0.8245302249792971
0.8068340305041662
0.6741468633353744
0.04540023657634406
0.09152155539308711
0.5788031400154787
0.6383884581642769
0.31027284084442597
0.32125053347466065
0.3021008123710891
-0.2592952659611364
-0.7934613136540508
-0.3492179999848786
-0.6295556856374562
-0.33905450806223936
-0.10147171261277795
-0.5623239053561656
-0.6444144206526099
-0.08096554328824498
-0.791418195597221
-0.7611075749865381
-0.8645099519857581
-0.3288501200075767
-0.34250877476350033
-0.6323372791122828
-0.31542183843298927
-0.830904117434096
-0.23050816815331
-0.5851581691655757
-0.07368632002634902
-0.30526899050185624
-0.3520242899095038
-0.03997144351960641
-0.8951761663370875
-0.11778971274466041
-0.06009338251519041
-0.34245296847382667
-0.06867021889098651
-0.03644213100944251
-0.26723597296473645
-0.6655690100974662
-0.6593238552468852
0.76616367400593
0.30231198908198315
0.9620549213157656
0.8167872191658733
0.8330349438950966
0.5392136324724721
0.7553126020498724
0.06168801985741505
0.33023749493852483
0.8393846042867867
0.0560641592588294
0.5859134691981416
0.0351683476141841
0.3004762328950641
0.24409736433501414
0.587293561611778
0.8636404906395698
1.0587766772643141
0.4553543200030587
0.08711366049864844
0.11148224330399134
0.8359403529307462
0.04561813391216636
0.7768179594939038
0.06282816636203271
0.060053496676250435
0.5720732676611698
0.7930917163137036
0.786817042241747
0.05116284605748405
0.0933957459627245
0.2594058660841848
-0.0798903526420954
-0.2434560237938585
-0.0616562011221982
-0.3052523110938557
-0.21293755040330936
-0.04814902794928725
-0.6652628964086513
-0.6089681040988371
-0.03495014659737758
-0.08886995649906798
-0.31997247437032694
-0.545891989312394
-0.31423522129492515
-0.050193275192177006
-0.3474447231570822
-0.19818930157291154
-0.6221850812232556
-0.6617133488525926
-0.6714411032087026
-0.8952788183209408
-0.0811854628816016
-0.04587103315066927
-0.8198713627220611
-0.05577975020717404
-0.0630603847640542
-0.12572476139746547
-0.07941116099412879
-0.5774402979081777
-0.05420450264539787
-0.05680754996768694
-0.07987118327616644
-0.03821904021314925
0.8052225139727998
0.055452119942638455
0.039667018373582205
0.7916967528777185
0.06010763555080509
0.09018724699430845
0.29970222205422176
0.6648629208855503
0.12863999909806845
0.08115412371423827
0.08972635019116489
0.8420097141257951
0.6169701950719253
0.23593979808238513
0.5280741049694594
0.047965605993427175
0.3296839679804751
0.8427582277473277
0.050226556512687905
0.8386604697776702
0.4064665269832853
0.40917585355093133
0.04191487728732329
0.13576464513504602
0.2231790798747005
0.5633665707231909
0.04041139490185174
0.6435761349229344
0.6641078525518772
0.2677315320005963
0.33078482318378233
0.5710876398738278
-0.8012661719835065
-0.3846306129825904
-0.26026562276199205
-0.05753676640051726
-0.03433521957185691
-0.3547035543424537
-0.27901389179440744
-0.05492549711689472
-0.5111940236365476
-0.04121176673179817
-0.6365077721533383
-0.35500192359525784
-0.037274703895784675
-0.6212206447915724
-0.32391068943492723
-0.2755969125145805
-0.06397616054737107
-0.6533505092598832
-0.5505116465241887
-0.0880732338993634
-0.87396579544334
-0.6519906135428165
-0.5569890483949741
-0.203208579594445
-0.8035809842129802
-0.5485939778329869
-0.08362518718323735
-0.8338695634309402
-0.7667691288542504
-0.8727938096483813
-0.12539450551642214
-0.7949066908908151
0.21226737239589769
0.5787047966225457
0.8306331122538373
0.0901230669671508
0.2936254813488619
0.0642826789646115
0.10845950118924888
0.3039022594470116
0.2537315347062153
0.7919882494520856
0.27608493567065223
0.6220274589525133
0.04720292496445629
0.061716291871054145
0.07805907184790367
0.6206696306077755
0.10774865377712155
0.3227484330321355
0.048518854273934514
0.12056728564889879
0.5862574481915915
0.07073241611222118
0.7856545778339002
0.39549609971734084
0.312142854674055
0.840959825968334
0.10094765015947836
0.8258117365025187
0.057321900210466396
0.2714795208666689
0.8052626145809766
0.7541489453233284
-0.8033905865628563
-0.1108329610649054
-0.10366512052110773
-0.9448125037665994
-0.5689040380201402
-0.03422590116099202
-0.841164129949203
-0.14915121531369321
-0.36523081506517624
-0.049250953436168365
-0.379197246380367
-0.21531445625130646
-0.8517040043996202
-0.1933069727968317
-0.8188793535736121
-0.5484366106685954
-0.860713793195948
-1.0592031663747523
-0.20484555689222886
-0.7927891392810913
-0.0470537334311738
-0.5722628448607335
-0.3512206293631448
-1.0742510692697242
-0.27873431393709325
-0.5650024479476413
-0.04173679773666282
-0.37384378186553235
-0.7714217348427174
-0.28382820454450297
-0.04789695189258727
-0.8101687594502934
0.7955639438917633
0.5877762916100524
0.6824341216581751
0.0441365123253877
0.10671509823118466
0.04855174691203572
0.3792644326865417
0.3347517969126957
0.2118608520145211
0.8015654764330971
0.05189218408314584
0.5718086592521986
0.035300994827850866
0.06621161855956924
0.6269798393356727
0.09537579122294598
0.8193876373866886
0.03528961437250514
0.05690440731890042
0.7536058942406308
0.062001701209682805
0.7606522865491925
0.7865067826381982
0.7794588989331259
0.06168118008682772
0.034458341191690486
0.29392809915165563
0.24333268892245777
0.6785003006555145
0.65434458550998
0.06786124818318638
0.6350629357435377
-0.7760838180543606
-0.8395454938897974
-0.32938741343864136
-0.9208370183840661
-0.3970720818310824
-0.0487134858971491
-0.2632012329550526
-0.0440083744263774
-0.32635540161074195
-0.8103449868423823
-0.0442018584051399
-0.6710895367521843
-0.8522126241648829
-0.13126678500359779
-0.37748367041050473
-0.05213126451634111
-0.3723052055165562
-0.2036244544454787
-0.041212252027619196
-0.8235412738738668
-0.34185150386669283
-0.7765190234208721
-0.3957164041692145
-0.7850576487516184
-0.831687854276479
-0.6233181915876469
-0.5666301920697622
-0.366231335020485
-0.3430475438586383
-0.05024115635834401
-0.04423900409387489
-0.9491624988717785
