0.30548050566400026
0.36302778227310883
1.232394436697693
0.4322292835306833
0.5701752807397613
1.3768865177046339
0.33630332366153676
0.11092891862085484
0.4383127554858933
1.2172862207021158
0.593043476438973
0.8069256066847552
0.3873883772738461
1.364367121119968
0.5910245457965349
0.658898592934654
-0.2610332167710513
-0.2910744628505511
-0.06449333142252488
-0.7801933229732808
-0.07312170804598433
-0.6587602037974825
-0.08158224945733042
-0.06310467028435322
-0.427217710400274
-0.35576299632850555
-0.39644150766055003
-0.6615920101218732
-0.3156749759628835
-0.6467265973801939
-0.4045167819593603
-0.5962448348087653
0.22211688258570803
0.04938380261671788
0.3658805224242908
0.6264297046404262
0.09644736381609138
0.29971439489055696
0.29848396961113516
0.8844970104663523
0.012957932082168997
0.9453178390953255
0.010651527088514245
0.036912899079109995
0.5652824866065024
1.1310759852049135
0.5558179487666572
0.09053711984302798
-0.29257038543276837
-1.3453490680230977
-0.588612046584695
-0.018917800770896515
-0.009085215472170758
-0.31627599083637525
-0.015291565729378655
-0.20224144211910902
-0.3680263890700959
-0.06832577800424958
-0.8172075569104491
-0.09026873850144304
-0.25962162111834797
-0.3140213263767853
-0.33453425604430276
-0.015170883244856789
0.26281721646888356
0.39954598630143884
0.009782018348184516
0.6174250137139456
0.5501651516783982
0.38810875636761505
1.268523361196949
1.3018496924049425
0.5339504855942963
0.009333205463218783
0.2273576714622321
0.24511498739705134
0.27977930777790105
0.2861942378914773
0.23879929087540397
0.5806775477008845
-0.06847830912323775
-0.01061493272349057
-0.6075152530018054
-0.017985506989832017
-0.6715429826850459
-0.38411789333702806
-0.027224879711699145
-0.7823619899545127
-0.550179038008731
-0.39222694417219256
-1.372169020146762
-0.04459143721741063
-0.24986315892858793
-0.04720262814611841
-0.6004967574779912
-0.016677679053607862
0.1009624947090538
0.025002884325637277
0.3371164872600223
0.7215589535599609
0.3200066359053695
1.1127540484396672
0.6246302833544934
0.6226125518826762
0.29561827399410123
0.3805033123955714
0.7965161951208494
1.3133541760514926
0.566230753581016
0.5908059577014122
0.573259150004084
0.2578285864388909
-0.011738256064706503
-0.412361109200602
-0.6123455254705594
-0.30085258440616275
-0.014416171923702094
-0.4526199653374116
-1.41885647548142
-0.03909740982699647
-0.5914802293470792
-1.3604629499884322
-0.27132132929882175
-0.35425955296297845
-0.3171313535109007
-0.11328678874507278
-0.2758339420626251
-0.6273559327081177
0.3231832381956702
0.02644856886254464
0.26343556917836675
0.28953825169579633
0.5610839732326375
0.2740625080626011
0.603809642900845
0.3885984437766774
0.3540218947229273
0.2561262435975421
0.546245491210382
0.3720553636627803
0.3215188137270293
0.6229883691866083
0.799982236812525
0.328730313520051
-1.4004695579563549
-0.038852440012834055
-0.8684027295649782
-0.40161593201736484
-0.33911246408744805
-0.010254866181814664
-0.29782749650317497
-0.029706662674013118
-0.5613944874563367
-0.3584700239440843
-0.764729590356837
-0.5873614202955318
-0.2489066171923176
-0.3944301712867558
-0.01371551700044931
-0.32249341300799106
0.5636507429084822
0.3450449549363671
0.4323914421330514
0.6446493208116271
0.33076495273679446
0.6180830776256427
0.013805919591515387
1.3356888769798
0.0411832018200896
0.5351616035455485
0.36997132678495154
0.3660471307713602
1.2945913500931066
0.3429050402276712
0.6635153407116937
0.0386429344424823
-0.5436602823476201
-0.06918807909645376
-0.6237019246744476
-0.013841052051579584
-1.127626471583076
-0.4160194663397935
-0.7760468942853029
-0.5293771662471649
-0.3515936252462474
-1.1410912933235409
-0.00909548593609012
-0.2996835496614534
-0.6333833353183845
-0.26810791239728743
-0.9227597283742002
-0.13072399845562802
0.5470436097553999
0.05155003378971976
0.3072694346983652
0.7022113737422212
0.14723431266278245
0.5561817935978323
0.6796844005561856
0.5131916777683433
0.2576319105729827
0.060505903856548714
0.3573687495136881
0.5805141717279716
0.067467646105063
1.1763041078748755
0.036530629051127764
0.548600832803478
-0.5631752991841187
-0.6858710231055624
-0.7812103151913049
-0.3624669595368284
-0.31669198590297204
-0.29791790887341085
-0.6108950695914842
-0.24080594078501888
-0.6569003879372789
-0.5826391065565111
-0.3777769232204101
-0.026564517572756005
-0.5878488232171588
-0.2846232635442915
-0.9185496907775592
-1.1788974160264127
1.0166189050755088
0.7976054754866986
1.1950695650849847
0.29344471391818633
0.28068233953593086
0.5527636672961952
1.2177610155586986
0.4701679469264195
1.2930064939129196
0.5875920164588051
0.606200898502235
0.10951052127983023
0.0245963311734992
0.6362596337388229
0.27525419523601924
0.6533185355063154
-0.4126700271435363
-0.6274508536798777
-0.3897012009123066
-0.38936623661314756
-0.32548300978821226
-0.013774031237025832
-0.032222833517682216
-0.5849097065496979
-0.4225220279127441
-1.129629619573283
-0.07095648259115575
-0.07175409839218752
-0.3290747069296767
-0.5877918181403344
-0.03041023360164032
-0.44638673128128176
0.29152389756432984
0.7739615964118375
0.5047288315337258
0.625139603777319
0.3639098310624651
0.3674470687170731
0.7516733665155761
0.6396242928585972
1.2326659618412212
0.7366619866228474
0.012304763607211984
0.8877661121246347
0.04074863351181725
0.2528992579877044
0.5877504242021849
0.4377032769897283
-1.1379716437141436
-0.3173352096943846
-0.6384780123434696
-0.621685077422083
-0.12304647697223772
-0.3316359792898675
-0.6293719126538426
-0.5802946804184067
-0.32605122965326966
-0.7077241678651522
-0.22133999658169845
-0.021930056860780377
-1.3315401600563146
-0.21610460692720593
-0.011551075754411444
-0.031524412594728095
0.2585622270549966
0.7371822660845134
0.023211699157724197
0.01248929559162923
0.7673751324197239
0.7666927882027555
0.6025361874145545
0.3594366976498112
0.6447760080739393
0.10034317249577746
0.29686950107260773
0.38772531331359
1.1738406693187446
0.23613620524027368
0.6417871274821686
0.05016313585109778
-1.1332550293291648
-0.13255683036559893
-0.013392144442958326
-0.054200787006744404
-0.03897558476549837
-1.1816804111901267
-0.12392148631754071
-0.8066988000544156
-0.29878695698704794
-0.3881101892637988
-0.6328372291365144
-0.2115852155999016
-0.33328740861942946
-0.02383557897285001
-0.9331811943620052
-0.035367829905212506
0.2956540744012258
0.039315689806698015
0.3779133966113476
0.3776698807506163
0.3313563072304775
0.5600709124562708
0.647987019197441
0.3300951197612583
0.3727344513904825
1.2270612004300308
0.6205144890452626
1.3637471883441485
0.6621691036699078
1.1187959698316792
0.02509681114997119
1.1386949331613678
-0.32102299816285995
-0.5454876638211352
-0.014910340722248809
-0.6654943983937853
-0.05818102484175512
-0.3566288447670972
-0.7744320469128502
-0.6264022472294761
-0.6083073571504346
-0.548223839601269
-1.356897235925209
-0.25651971485629677
-0.609545446631064
-0.950119947442335
-0.34096509698029853
-1.3414108296283496
0.5142250429952925
0.03954337645280567
0.25707574693167407
0.611452721817575
0.011407400083641194
0.02491449391703033
0.6471220377318172
0.2921838025819702
0.39748400182078336
0.022899800188001824
0.05410390763439075
0.3678484012093028
0.7878913030621433
0.23294546125293433
0.37315517627335554
0.42865482906239943
-1.119588790693132
-0.39251507289671744
-0.30035598829808385
-0.5796753926810854
-0.6066593864868557
-0.022080995891659554
-0.03915561891438291
-1.0828241669128027
-0.4040820875062545
-1.3161245575629965
-0.30892658678886953
-0.6144837884673475
-0.6508917822053687
-0.5985763839101796
-0.3087946455921376
-0.36384763074961624
0.35863156880586644
0.34816639781215447
0.6350591859767106
0.17884010622211646
0.0691477271427904
0.3854124898783029
0.4257759965039263
0.4073570763274309
0.3040353774189705
0.5958459193046954
0.6453103202470881
1.2201533496708825
0.8900489124794648
0.35606382431333655
0.5746253400766009
0.44348689232408817
-0.015363414254373922
-0.30828620100263565
-0.6156901120723703
-0.5798756004922142
-0.5361761137269853
-0.658342399887981
-0.33632754246570257
-0.29440679025758004
-0.44014444139510855
-0.22456112030618844
-0.8046885228591345
-0.012926640568657216
-0.6514264952108264
-0.31652724227441437
-0.0819677124815477
-0.5639583970104255
0.015441692236104948
0.6370611147353183
0.07927776070965774
0.5761315880453961
0.009718470066073162
0.3969078671149531
0.6208209227075648
1.2290255867120978
0.6509733071569858
0.39138047557483385
0.6256861298355038
0.2640793770439393
0.5602716163967766
0.010919236702714595
1.2032689532247862
0.8146276365584255
-0.01846458753154927
-0.39073910918637494
-1.4178126256386783
-0.6231676019145993
-0.3734930750770517
-0.02546363580916521
-0.3726540874475219
-0.4351542687378242
-0.43521529065715797
-0.4312264120526011
-0.37887346098728625
-0.32226628312565025
-1.2528069004783946
-0.2848941295797972
-0.6239924486619264
-0.08526543688545576
0.032108503942625245
0.3911347322370848
0.3632176728736296
0.00956467512709138
0.29735040030013893
0.2903993851497159
0.08948245628248398
0.014159884282491216
0.2822820258210023
0.4198999368869732
0.11736028219382566
0.6533876734588219
1.2472464215118853
0.6051013115970817
0.3571464509526342
1.0342611242142625
-0.5496242682514902
-0.5624025675805848
-0.5925972853546918
-0.325975119255599
-0.00929064425347707
-0.3844251523863785
-0.6762898386600027
-0.3551798802591223
-0.009896612838354866
-0.5827943474093631
-0.011617641522322477
-0.36123936542959595
-0.39863676386754526
-0.6550302187336503
-0.011333367713209318
-0.36499779406278426
0.021056050669832058
0.548412730177986
1.4171759121024592
0.5383705207296581
0.2730435513186119
0.30164697159987686
0.01802639878149698
0.8146732138812263
0.5513714406699683
0.049216694000068804
0.5971829970165186
0.5749160403305115
1.4162505266033691
0.25519396591221816
0.7963175863261239
0.46565093829652765
-0.25872641293510634
-1.2530719349039507
-0.2894174611059333
-0.1321168455261003
-0.06725489796848733
-0.05525929450738679
-1.4079014673307897
-0.2489839879610307
-0.2930077610179914
-0.7947783844989583
-0.3981346307563974
-0.3254625980312702
-0.253730235855713
-0.35547651499237826
-0.10240833041981484
-0.6031174006292326
0.03935691615413403
0.009808820900932172
0.3397082321826614
0.2706281932612089
0.6787314645798788
0.2704533354989005
0.3218968752831857
0.5664889168337904
0.04507458270996031
0.6255230556398679
0.2589195778552058
0.3762557865575391
0.27788639054896136
0.541271905515903
0.253663297782772
0.6761630974443182
-0.4257362778860791
-0.36155560288399685
-0.7535374982741084
-0.23999529252419066
-0.014462266201858974
-0.6583562634461891
-0.5257927734001622
-0.023583056862328235
-0.332476669769745
-0.6395156794170731
-0.36378859301247973
-0.0444611461631785
-0.6508844906354163
-0.990128949278415
-0.08999198022923036
-0.038556729648258174
0.5360115963951739
0.06780293634070797
0.6237799043708833
0.6431414724279181
0.6769752946593892
0.5294649983235974
0.563490049273332
0.6509915332969016
0.368491547159822
0.8250588988988918
0.6205944908277768
0.3420876094588907
0.781485858110884
0.552069096872227
0.3146562938962897
0.6362945759045995
-0.356943788090267
-0.6308675372020879
-0.9740225088044758
-0.6705823903063731
-0.8219087901708414
-0.026628483426435513
-0.8023841500548295
-0.5886108258669921
-1.1428376805239346
-0.2543125430631066
-0.023689510595505538
-0.550117586308231
-0.6643233582159228
-0.6427938239349961
-1.1989437269534327
-1.1908139976528307
0.614449475854522
0.7555769311453302
0.017641534242779967
0.5978725437224494
0.30079454692209645
0.5346074228771224
1.3435395249940207
0.019356427196354803
1.3983327130323053
0.2165078191892013
0.3205129687249589
0.013560221706678673
1.1935886387383658
0.36919662662943
0.01814284335244668
0.58139360595819
-0.022028303880634557
-0.5698998528075463
-0.2929988679400789
-1.4016972068931732
-1.407587748578966
-1.415464683364977
-0.3927434094011126
-0.00924335264167543
-1.3523969382823753
-0.31963420212952576
-1.4188115719096026
-0.01123908318152632
-1.4177600111320225
-0.043006443340529506
-0.3704184211285641
-0.014699214554430042
0.026547988372476065
0.2949828688353874
0.2710809554122668
0.057356568261206296
0.05257946147084511
0.3212613189073592
0.6394614048155473
0.036385003031369316
0.3767751334288913
0.5889960054835134
0.6239153989794446
0.29598742172827586
0.3625771184777986
1.3522789282816536
1.364782411079814
0.2990098496773592
-0.2989671914940214
-0.38136171418336196
-0.03038635928790892
-0.8261829815609101
-0.3338575135708951
-0.7869297714329065
-0.2697709552646955
-0.08847672932196923
-0.015983078099326992
-0.33792368437625747
-0.6277257067512259
-0.2696483766354939
-1.3460114340900877
-0.3840490401176157
-0.6183374353215355
-0.3501228589053297
0.3128792923629915
0.7772933104922435
0.6169841545111033
1.232950764937979
0.02408498766333149
0.9405853977838116
0.06221808845371716
0.388221183219381
0.7567734103928971
0.34010350531182976
0.09772705952713559
0.8854431402650434
0.6493259636086623
0.021666667865763573
0.07441032055191422
0.07868714378320286
-0.6167414692281435
-0.6573127046411407
-0.5763229834411571
-0.5630928237678994
-0.32554607162666926
-0.02709108923282626
-0.26333384649049046
-0.7453335514391951
-1.1779160656503622
-0.4069756874579882
-0.5928755670624308
-1.3588112187350325
-0.37978975944933335
-0.5498129980061265
-0.38283865726942307
-1.123785661339914
1.2181498527747907
0.294607283624032
0.6130859015719206
1.2481011662995463
0.08121341430105848
1.1792241664481555
1.0316047314089887
0.3338643318565664
0.545080305703615
1.3228548970570115
0.6352353471898888
0.8057299681724592
0.244104415531095
0.06960353969378037
0.28077471732612874
0.024161796474005095
-0.07892978865448473
-0.6308166534724531
-0.019092316982684283
-0.3277566575911011
-0.03535935625240955
-0.37583071730949735
-0.6386267144312837
-0.6305619246158503
-0.10698163726949521
-0.07325023202449113
-0.38046235113366694
-0.23905278925358053
-0.4239612162566064
-0.3273244690085743
-0.2335348477704196
-0.08567374371303406
0.016152059804487855
1.011217894380795
0.531373690178904
0.011179113719402608
0.7927892503455564
1.0056433279968613
0.009502321818747632
0.7691399707537405
0.5514900587846358
1.4132622627856504
0.3625842715547532
0.15132026110133343
0.27277083171945377
0.5918568996938601
0.6560935400636486
0.012766605393971358
-0.266153368120398
-0.5970911567673296
-0.5935803555098847
-0.3358942765175185
-0.27920140276327
-0.3398991260643617
-0.8481886868233824
-0.5839679591831815
-0.3011848837521663
-0.3616587420354775
-0.37826107200037734
-0.38781989453391047
-0.25198528884765753
-0.7874650561653428
-1.4102681766988636
-0.3746191476529357
0.3214180483302752
0.787260356101809
0.3433262458946432
0.7007676924427961
1.4015672615951036
0.3150202427669834
0.2682131974649971
0.24670341730075873
0.3242262641706453
0.30493207732085975
0.4155378544325349
0.360120454684582
0.28941048694963517
0.594228129253133
0.2871956853954438
1.1026010957098604
-0.6890795495413892
-0.6928086617587631
-0.6259121124248922
-0.05702423031657371
-0.598923241843597
-0.29081306636644527
-0.3846976442091002
-0.030335141403749027
-0.5636825251410568
-0.34389806063887834
-1.1705260498744297
-0.5294709218463826
-0.23493122405934744
-0.8853628676644493
-0.2588653802741482
-0.4032403136698606
0.6261039516517906
0.6327328238915029
0.36949288094434807
0.5629147373696088
0.5923256470895089
0.6019775729910859
0.8060545787122471
0.5700618100235106
0.6283760032509534
0.39132298926721537
1.3912700279846089
0.2973293836540398
0.36698183265069034
0.25486387358613377
0.02589051977547547
0.07551500284213171
-0.34858394949636934
-0.33138534970442435
-0.29364604490264173
-0.026950017730056335
-0.015064794316993493
-0.7893105167871557
-0.04077096738196661
-0.6570234833863152
-0.2610835197359559
-0.3524304990067805
-0.28806169984670665
-0.33846041817970346
-0.6233627146633947
-0.6663977134122233
-0.4176481036912282
-1.304037834695987
