0.06601355495924752
0.1015037251878879
-0.1764976349011632
-0.19882156130533277
-0.15765515056689636
-0.19031473701709925
0.12706169625854136
-0.8819076750210835
0.5390462723767279
-0.1626650325218956
-0.2155535950834562
-0.1531999712832033
0.26369191937143216
0.24652074318769873
0.0018582576999210713
0.0942743765266356
-0.17768094756486116
0.09216119408580035
0.09315500455710717
-0.11285496789300409
-0.0318216931390519
-0.01699590185910176
0.03908981773820916
0.007408712393561969
0.09541887989890233
0.05803387041921582
-0.08524256308735709
0.8226158963812126
0.20287305065329295
-0.1320083996266312
-0.04718680005687958
-1.286282093109564
-0.0945897016243898
0.06178099992436741
0.12763829143826283
0.5666181540566464
-0.04565403520194265
0.009082341785927928
-0.2632406691318087
0.5207103248563293
0.056824956797898216
-0.023187547044666013
-0.07310175488331459
0.2442752351701699
-0.19408937211442062
0.030608812730600916
-0.20848928439318148
0.07863792533755415
0.04602865364524527
0.06384436199626009
0.09088281214845922
-0.17053245332440617
-0.11754689252545562
0.11061743354213154
-1.1039520103061553
-0.11188688519618917
0.20494553443425392
-0.07721371131894647
-0.12086177404997302
-0.07509084015591268
0.08026254957006052
0.5435649910630236
0.161999448616869
0.21238359235959198
0.061997804970228075
-0.5808514093974456
0.06982043975730287
0.2027361312195922
-0.07895269547581131
-0.3028523862650345
-0.14515529059134447
0.255043374617382
-0.2592492402002429
0.22205309872113818
0.04207190469797284
-0.12402193502611311
-0.2775592517012208
-0.04534656073091936
0.06854485794851117
-0.056654565671384785
0.8709880289762669
-0.12107247907970448
-0.0970256257983099
1.275846829498028
-0.22715106104045849
1.0045280273195365
-0.0821515455160101
-0.18196980060202117
-1.1819524438557105
0.04796997449973338
-0.24941241009505005
-0.0529990963833916
-0.053905501688220094
-0.12532463590626705
0.18717892970484531
-0.08768559133167451
0.05254291745991459
-0.07383167320596741
-0.0531665445454521
0.08985121469536957
-0.06950903892105555
-0.10710128767108587
-0.22592101762253083
-0.030706830945720093
-0.20839801259954183
0.2998694705898947
0.15614362984308722
-0.06850252438381721
-0.04494819130095588
0.10223270704916353
-1.2689306288875375
-0.11121354850146853
-0.07984783046691905
-0.09129052060643637
0.2726307667744651
0.1068982625743998
0.058805027835026925
1.1983427590547242
-0.07609251670451539
0.006093407085307751
0.1464672389252612
-0.018545795694667362
0.039031773569261526
0.2619509526149635
-0.07336494159318221
-0.16072889914496608
-0.16756170369828147
-0.03433000570376558
0.37145709760774853
0.12576384908863855
0.28524580519334475
-0.2874552235111766
-0.26272351204114197
-0.24158929797943998
0.14302258598334305
-0.11886546287535775
-0.01253754850590585
0.21822711216187635
-0.09686843227463972
-0.027574391319325455
0.14179729534219623
0.4670793066145914
0.01038086304604277
-0.021719752003800264
0.6730476040800952
-0.1356869687401249
0.08503653588915216
-0.08548759649227611
-0.07319123140002981
0.20511698748088492
0.14753167420338947
-0.20534472576880602
0.1064875394757087
-0.10920279966647613
0.20036204903830754
0.09084488614129411
-1.1848177360689065
-0.26983679730623533
0.006941020792940116
-0.17177587355091864
0.11650460435226889
-0.0421552919351431
-0.08170521641257673
0.05934386639620524
-0.26578714991874614
-0.16041258337539138
0.02999384635959565
0.16881690260018936
-0.0021139141542431033
0.08795064065961015
0.5519497116801431
0.21546399460578602
0.21610344035871584
0.13043759452877324
0.2725698708384105
0.11683087548825642
-0.053627657824062494
-0.0005403191455881721
-0.06837836353347147
0.19033073358726105
-0.6206343286339725
-0.17309115143126175
-0.173410914007161
0.09323299820942887
-0.283743389420708
-0.14102048353364735
-0.14519558229872692
0.04943064241821675
-0.09448450571795598
-0.6735469284176513
-0.139944129894999
-0.21838600426995644
-0.07045180777931785
-0.08128454272700819
0.025334793494405195
0.15918592611396687
-0.15824765419105466
0.053863880476618546
-0.2124977003592383
0.09287880952317182
0.027256410492180857
-0.009716818495562324
0.13448959518673798
-0.006523645005412534
0.11648502090703652
-0.5013425848137298
-0.26692738988440984
-0.06660198889557692
-0.17751740487538537
0.0632876137254193
-0.025672879884399133
0.14856767849843974
-0.20006428243862925
-0.0870897420884068
0.2072737079752819
0.10294943192872891
0.2676642524065916
-0.10786250587768817
-0.029779081379862123
0.1714505403111203
-0.5458910650771202
-0.0757045775092495
-1.1350600479464366
-0.0021478588102063927
0.11408688678531285
0.027974783911142748
0.02896884919044706
0.10033663619555319
-0.0269491521541324
-0.07104578130662988
0.08092868081252279
0.11181199766717033
-0.8436902866060704
-1.2303052816377238
0.08850974386436829
-1.2762933731050699
0.013167549975120686
0.1393940293910207
-0.20540037258641491
0.07957604993513034
-0.3230252362398871
0.002240596728198463
0.12699536953935875
-0.13587301913400027
-0.14717354009555134
-0.13609180723803205
0.230540130708573
0.041541232742973604
1.1916285732193768
-0.19250119833820953
-0.002901818962799045
0.042806743533341844
-0.15133118149107466
0.038073571348072176
-0.03555186333402504
-0.9930709448796508
-0.027462214337515407
-0.07701250288169013
0.017137898847178604
-0.15474839061769366
-0.21274235395506724
0.1666506013285042
-0.08103539031986323
0.2853689695141834
-0.496872203899751
-0.02217376537875911
-0.012003593395086203
-0.21952713118323905
-0.022726713031280415
-0.14229551691340644
0.10575162979739007
-0.13675581709194476
-1.2416019490130812
0.13427886551327164
0.14045910158360267
-0.042529834229506375
0.14143501670159897
-0.10483923665454374
0.10614322938687207
0.05109888082552255
-1.2862562044540506
-0.12834299650116135
-0.27899609057554026
0.08939804110996187
0.8325240240986822
-0.056210742853669095
-0.25063462001680464
-0.5229530925250452
0.3078610005643163
-0.05334816666623302
0.11740234398865454
-0.1622592769317442
0.08645350069821976
-0.02139866571453502
-0.26649646630645224
0.07463584454356764
-0.5912354280444806
-0.6138206840947352
-0.21720484344453592
0.26394488778775055
-0.03606813102690716
-0.8960414835245955
0.21202838902663848
0.00856324838492022
-0.17347814075081733
-0.062326380480648626
-0.22479416775960062
0.1764809916531663
-0.03658407507027343
0.7740134104328721
-0.012706729130942826
-0.15416840257442593
0.11545719665515405
0.07539132425858523
-0.17297451124320334
-0.22427978273158133
0.11817293176231809
0.021102531542250294
0.034266582494513385
-0.025529201594542684
0.0499488066708332
0.21099777490744412
-0.09738400549105918
0.0729095840905828
-0.012256072912171193
-0.2012825282760926
0.05133405637683943
-0.16277885016581506
1.1247481982831202
0.2010782228479544
-0.2512547319207304
-0.24447459592352955
-0.07909526552512006
-0.15479596828177403
0.2391085733737824
0.1595513520126789
-0.4621472726717971
0.038613041295606304
0.040517562714876484
-0.3035941886569448
0.646099407030983
-0.22324055758740158
-0.11038376790864925
-0.003281557814822627
-0.2886538837995085
-0.04971941719008754
0.10281564826486109
0.09391853323255024
0.05276536938595291
-0.0853364657864598
-0.16405001929073892
-0.09999336458528783
-0.15032301505973555
-0.09164361243207295
-0.9948706099341739
-0.6539971281685176
0.22990183712125473
-0.027619500362900222
-0.0800668538174271
0.07237772089765564
-0.039525271872178976
-0.024908583794310206
0.09177401577432993
0.21616175091417114
0.0822623982776547
0.17802693455090154
-0.24890211136302867
0.011417602942135029
0.05310850648445899
-1.203361352055844
0.04182628948656501
-0.3183123507610629
-0.1426602654419533
0.09128848323994428
-0.00944381074489025
0.005797852175764308
0.22706904266580477
0.05657752155301313
0.1291429871623945
0.2265199330394183
0.6156065373661164
-0.04743926805767313
0.06601286553356578
-0.5345555276005569
-0.14205387143966114
-0.01843031658221906
-0.223777435680325
0.05023736258014012
-0.8131030853471576
-0.08604529825168193
0.22961141191251452
-0.11635887347213533
0.30232605280898933
-0.03352544102114639
0.7955799396244638
0.0667043627964745
0.06209244435105741
-0.10347356683664599
0.013318856592007405
0.5356487900036969
-0.14670263822225177
-0.07645562143786265
-0.29799961041771306
0.29120911432680696
0.03237146052584253
-0.09258957652338437
-1.1923438566496949
0.039085276071722116
-0.028790901032284034
-0.08383079718955061
0.052671013648633615
0.23950917478905578
-0.14099529697161764
-0.3235021183950386
-0.11319738679330807
1.2739894953185091
0.20097429159292246
0.0776881427238797
0.0340528548692834
-0.017394898859578733
0.22817760672981613
-0.06488828422923403
-0.0037548556182807635
-0.10849741768508184
0.2895201462121876
0.14322280453145736
0.02970133178043002
0.08819703670333687
-0.2765050365739143
-0.25318924018649547
-0.18798210084561043
0.1503504049562699
0.057781059910992395
-0.15940312165925505
0.06934394446037852
-0.0608549821581543
0.19172558368380893
0.04723782756287957
0.14716700181604095
0.04483106039538495
0.0961231807079869
-0.026716912363081106
0.8429447762785675
0.1683643770187111
0.19191470695954602
0.32045208962745325
-0.05701455138828265
-0.033560282853618756
-0.07871673479849144
0.12706875668346282
0.08644723777833804
-0.01441669802658467
0.1507607723898856
0.0023049228538876564
-0.1876449355034953
-0.006217521323342348
0.2482262673531949
0.08900890570572048
0.07641581916972039
0.12348680718968949
-0.33803991157477953
0.012403567463088952
0.016871278861300854
-0.1512299173054854
0.27238525336314323
0.1733396749507012
1.1261923627946395
-0.104049095829986
0.05538883800247341
-0.06826300967523516
0.0029666619374632483
1.237368321802366
0.05576695884943038
-0.09467101297040992
0.021292465977820762
-0.009648063662072472
-0.017909918215262072
0.22960588673275023
0.07968350514833807
0.048029695244233936
0.1342385733841765
0.057193999326191444
0.19985334215012548
0.2678619686327399
-0.2012104270061087
-0.05414507215201953
-0.9063491617635172
-0.24657846591270513
-0.03578597342121101
0.054584501207579905
0.0945432074319203
-0.047265985856433775
0.29414697627158487
-0.6138035428580648
-1.2755428615838424
-0.14468406061887906
-0.0817649294442488
-0.0802775835653261
-1.020533848956717
0.08123902796119425
-0.09961000522520541
-0.029144801410520883
0.1614562620183455
-0.011103503011517902
-0.050266844732927515
-0.03921216366550379
-0.08519013884490759
0.1706661190301619
0.000317897650658307
-0.18948610435497804
-0.49460346693484925
-0.08661592347549928
0.07878498715044209
-0.020572249052431345
-0.18451492363986094
0.09163089465137596
-0.3151753436029214
0.07908787323367437
-0.005342515839731957
-0.19954439720491227
0.1572026662089107
-0.27202245605649183
-0.2498291776006158
-0.04565535053744577
0.0316020133917344
0.11897338606736017
-0.03872472555927221
-0.1651170968954945
0.15072825596214176
-1.1096823875772082
-0.19386384382738225
0.9929702761195883
0.6049695550988704
0.1694098331989818
0.08775290262823887
0.010674827812465424
0.048630995041337916
-0.15544558101028202
0.0510524982626424
0.19747389434983817
0.9119934469872657
0.2561136440749562
-0.006130861843853943
0.18567931282132352
0.14428483368303624
-1.1204736641968704
-0.2938076973597813
0.20671616283575567
-0.12663130015380514
0.2930292660750868
-0.09951436867729152
0.269271500149239
0.1913162396942966
-0.07359839519559871
0.19638902314208104
0.0017743281629890278
-0.06537204234723194
0.07450136355780744
0.07018856469063732
-0.28502838079196235
1.1413608856283808
0.8280400875990442
0.45883524119406605
-0.006637565420293923
-0.3065593800573665
-0.039088073947613634
0.20107126474625528
-0.18598963503987723
-0.08605943805273206
-0.24442609286958408
0.3895365128274929
-0.01802771304014484
0.5949705428905536
-0.6125515436180236
-0.023672577345224672
0.10311794264543152
0.03620018841701064
0.2796461866908929
0.09665052078975148
-0.1077875807232219
-0.3074472883326764
0.05198310802903753
1.2508049265622674
0.0950388951727287
-0.11098507721352202
0.06244037081274396
0.234400965272499
-0.163601726574492
-0.058176368204109846
0.2820947484558906
0.0664595001843553
-0.24643208887117185
0.01598157659406882
1.1790827804454171
0.008036362624544387
-0.27068860909579395
0.8100603157547485
-0.016504320590907774
-0.21531130027366718
-1.1797009055916472
-0.05581745223072063
-0.16024093657639682
0.13698226876947578
-0.061663325385647845
0.04239925694726055
-0.03770682152849579
0.07569167686544882
-0.03599672480578308
0.27700998263484206
-0.07622537610662797
-0.1048284582675464
0.12809817803692455
-0.38776587058963685
-0.072051117301375
-0.12002007428628446
0.17818214880025857
-0.15933021234081815
0.5981882246500766
0.07441805559867234
0.09413232048634193
-0.03389091100595551
-0.2973321007036899
0.011792350364541647
-0.04830627020245939
-0.1298503034447242
0.5268610797753306
0.12997312929148983
0.616872881787593
0.08777553395223489
0.12239045901848346
0.2235583459513096
0.149757369374982
0.05584168902063679
-0.21961463678668086
-0.12100151766052236
0.06932794167779782
-0.013377422443580369
0.8633644512414831
0.14228203044032817
-0.16943029878480695
0.005285241143311812
-0.2710643206529856
-0.08190055288357799
0.06091330429588933
-0.21142180891397414
0.2688337487100935
-0.12734857083980725
0.10371052822739443
-0.150598032657301
-0.0009516657103732466
0.22636976081628057
-0.1409083912478871
-0.08417054195565042
0.10341420187699425
-0.028473565862553497
0.012446481697236306
0.06795063494799991
0.225273835386985
-0.10957645761351424
0.3061792646727508
0.11012522261808295
-1.1881171943972297
0.017797530134986087
-0.2816798892356448
-0.009114486217979875
-0.21373626828310777
0.020493331916020447
0.0829606897603029
-0.5723227811514219
-0.021906262358692086
0.00866142571111592
-1.1894859302172178
-0.11390402249888856
0.10861239579858314
-0.09494760871460009
0.1915855042755154
-0.2236019309472276
0.35721098250122774
-0.2887200286371088
-0.15272926705252093
-0.22950580221830374
-0.07082886182922891
-0.054342647205884366
0.12218029172920743
-0.28715520450180027
0.08527935136155318
0.029334205597129955
0.06794414725879605
0.0682098894270117
0.2124087157923509
0.07856564276592165
0.008451988170466907
-0.14902376796393682
0.05992072267659629
0.027165253914039542
-0.09258763969656127
-0.06366002157020159
0.003509969211685086
0.04474764775707207
-0.0741057680802965
-0.18461856152943276
-0.09226999269582324
0.10201379400477276
-0.12725622114042429
