0.6443905961723523
-0.190023141188465
0.06473723345581399
0.08063771296715418
-0.03689558033157726
0.0264837646833721
0.1578595173824266
-0.13019453901081046
0.10297183134573921
-0.08657660517452437
0.1989933327539194
-0.06745694781624015
0.6641591154103078
-0.03286579465750816
0.07509236371018244
-0.10985832046166873
-0.06222907838197884
0.6494952446872432
-0.021735972888555912
0.1519891415663908
0.18635240583252533
-0.10368339544965433
-0.030380700909789848
0.07226143090580149
-0.06758540085375031
-0.07268137496063895
0.0140329486682204
-0.47338624478805547
0.01462269817024532
0.06430274570206544
0.46668357993114606
0.10232178579583345
0.10073701072113339
0.4693553190469204
0.24580341627011965
-0.0033343852230611594
0.1255938236131838
0.08332158199909429
-0.10809458566032686
0.12188527251976242
0.45018227704651403
0.10297495597600156
0.013557154736038734
0.010041020298109335
0.018749087245915525
-0.1154889387921902
-0.09588528362981938
0.46904409358098287
0.43762504362838534
0.033788400924823166
0.5011894073221791
-0.029287916988967606
-0.04541898919702034
0.5172728126173323
-0.6414335175560858
-0.0042250344216511375
-0.010620250007482493
-0.08800234147030248
0.5018072614348478
-0.12390134116224771
0.6467589041451002
-0.0770966836749826
-0.0179828452842352
0.06652465605935541
-0.05686409745332235
0.005459930386307521
-0.11069866358353529
0.47806022264358045
-0.18618112099912093
0.042071621951705024
-0.08047123139199784
0.07468649216094328
-0.657846353056401
0.1161417472911134
-0.05030873990254364
-0.12398106273748907
0.05670528177169731
-0.605684451567419
-0.5324990517491414
0.42098073395172186
0.2075135148087548
0.17940954903722953
0.025899405292468033
-0.10656470102310904
0.044628924615750985
0.09878464439694079
-0.034473939376511685
-0.10238585656864804
0.14129958038494478
-0.03045131057117082
0.0877909237315147
0.654910761330143
0.02261715256156298
0.1902097204721269
-0.08425156374858525
0.22427690161992256
-0.11799884754865395
-0.019128344502551957
0.19075403760831494
-0.08627751749777123
0.4304217782877518
-0.07900119320025936
-0.2883089877129411
-0.11438643022831899
-0.15518847824279827
0.06562532696845674
-0.6468861899027029
-0.10106924762584181
-0.6596546616622158
0.08687635954330798
-0.10577350391185752
-0.6012872436881417
-0.02254229377290237
-0.08995762115044019
-0.16021561817295735
-0.10748172066051025
-0.04105839219258579
0.4537916309887212
-0.01712777951956948
0.05998600814988063
-0.09632227767903583
-0.17061667818311038
0.10214830844234336
-0.03484293584886325
-0.12049191187026163
-0.22893159090183174
-0.05483234597391971
0.021129450571030297
0.08299533306668867
-0.12135872297304419
-0.03949009097751515
0.061538708962956455
-0.04242644174648516
-0.14872676140026383
-0.09797615301963966
0.10392076631592184
0.0964854455263315
0.09725963779604958
-0.05651219123906988
-0.23791476349340232
-0.4489519747637295
-0.03409172943518932
-0.04445808882778771
-0.21725375301714284
0.07062004685277345
0.03911418231174796
0.12311022256335294
0.4733092886921061
0.16821753312396484
-0.34543565134602167
0.09388565871537084
-0.06068264418599716
0.03382884574259423
0.08418420097661336
0.6596119712368576
-0.10998333533606883
0.18302115366333782
-0.06315283356449657
-0.1382394354805032
-0.03893586020000727
-0.021161381855496382
0.0639264938239456
-0.0925969649392237
0.06211837009769584
-0.037219239553968886
0.18149941045290863
-0.013626371037878527
-0.4594399579556665
-0.04674849015889163
0.07010147921005055
-0.5023391451550017
0.15466329368398046
-0.020205194193129015
-0.08509628407696615
0.07960320328469263
0.011243650463385222
-0.6489953337412173
-0.508364351403336
-0.005532640924027696
0.03232024736044579
-0.20679544746953568
0.48439876586607855
0.012920665937902113
0.03073510185558065
0.041169701284374166
0.049941677263032225
-0.05268413102565513
0.02610437193544331
0.07706094933028704
0.10717107586249215
-0.07411840055328076
0.07842200307619239
0.06095191308403966
0.07316552734594205
-0.1587122130255037
-0.01217536215590554
0.06544016691526044
-0.14088066604110316
-0.0008883526030594689
-0.10740417014899614
0.04621014969982605
-0.07789613311508266
-0.06257909817687902
-0.041172477870012304
-0.13980756454422752
0.0007614428104952625
0.12354007602383239
-0.021952820964581305
0.04763330886498949
0.040742560367385064
-0.6433540571601782
0.45627251566786914
0.055120546895474444
0.0423076648990823
-0.01816888050031324
0.022762615358936488
0.09503979002161267
-0.065928579756672
-0.3697253944291144
-0.009866037474471593
-0.028327898671523223
0.03753393179775488
-0.06279050315070105
-0.1688618129989521
-0.01198474614140556
0.07128702458647794
0.010105621719653754
0.3960972224924983
0.14181502023106302
0.12240348202641002
-0.4677671526545238
-0.02707943918943143
0.1083138027811844
-0.6589346942098677
0.35085423980172237
0.013457642117201362
-0.045969629481903404
-0.016660012762133455
0.07354147525267449
0.05195971408362057
-0.09821954893256059
0.43362482941245667
0.1864167290195247
-0.05440676468132409
-0.08066007013329489
0.16876149473499236
0.00985487207819615
0.11855445114460542
-0.5276526477920893
-0.003755566962951429
0.41743813861425927
0.01644440984272131
0.09082956069411648
-0.08982299549629086
0.08176081421018717
-0.05339218560143488
0.6095059626945375
0.055966889192055475
0.015726982397973616
0.5021252926628728
-0.4726770620704939
0.051467058654705425
0.06503645931288465
0.022704967864927306
0.15072404393622701
-0.04783302795677507
-0.030496407220520404
0.03347915665404856
0.08998487008145326
0.1960151988361764
0.015594895314700387
0.03848188818563634
0.10044111515307337
0.11428308986777645
0.4936559350553288
0.00628007818709758
0.13857881083913315
-0.00423944381542622
0.1797394886666432
-0.046574162703198696
-0.0631578499456937
0.4760374181266682
0.07073386997372193
-0.0032221316438243667
0.09370248904290095
-0.1030910194981917
-0.4719500438647524
0.07583568564312412
-0.16897925377041392
0.14362185546591277
0.1530430569110293
-0.053104170349312314
0.032118229798059436
-0.6354526294220789
0.13005633031384045
0.15808384865503666
0.02291849397510335
-0.2885880143263719
-0.019524037476120824
-0.2448206468888446
0.07508115693198822
-0.17335471501850405
0.051292574464529866
0.10172810967419689
-0.03565522086819124
-0.0427340314089239
-0.20596691986357799
-0.09785240738384643
0.6490754401069214
-0.11103923210863435
-0.11426033528327928
-0.23177677808716174
-0.20051666257780762
0.02145294815231103
0.11020082379926838
0.060286033281163665
0.03911313753281434
-0.08749798804010828
-0.10912591260459682
0.004852771247151298
-0.028834149357452366
0.004117459039892182
-0.10025640505363123
0.03813920775748864
-0.20248839036888322
-0.051891465611165054
0.011571360126501954
-0.19026928079754657
0.4719071319068193
-0.1242896047908957
-0.09040921730702808
-0.1628620417360076
-0.10493881572219717
0.018819660814648108
0.09275603302751893
-0.12097522284902103
-0.010725638721592094
-0.12570002022469293
-0.4046826788217645
-0.6338301962052907
-0.06815535287176766
0.06710049050517874
0.3830535836852911
-0.0021683588423314112
0.14093911152259234
-0.17305632553821976
-0.009018901677147344
0.022386170938502394
0.1440143333644839
0.056486846441973396
0.20942031467196662
-0.10636209726764259
-0.17821305776429167
-0.08805524426792487
-0.08370356358907322
-0.21263778969154093
0.028148918802399944
0.014131540969064535
-0.19003197773199473
-0.11426823843028223
0.027376385037465638
0.1525460404265171
0.006446394736778906
-0.1061386632572723
0.05247827294916392
-0.14081376435226858
-0.13401753495382995
-0.03819194037584053
0.08479494477628192
-0.050430680212406896
0.03045224738162464
0.09578605518302294
-0.1283883535876937
0.021065812992308117
-0.3877216978866461
0.0384367942372649
-0.12329828007794479
0.08488858059238158
-0.17446073972728995
0.10107097375946349
-0.07804374253173346
-0.034239584643561506
0.11942393262461384
0.03012918103604679
0.10531738093679201
-0.13464483397563662
-0.0360451845897532
-0.01494012500529934
0.11280422379535254
0.15583811541193224
0.07327685006985926
-0.17503553560047247
0.13028213289981216
0.03115683563011241
-0.04241375757120817
0.007034003000865683
0.013922941245192133
-0.4623815197259425
-0.10050122158266683
0.05847357075774468
-0.10464227527005897
0.4660221818439904
-0.0026342651869393765
0.20641580199608558
-0.34913289075956466
0.06435242222841962
0.023138880125587534
0.09152966054096219
-0.23791424912258244
0.19648829036260573
0.05056039270877915
0.05127437553190607
-0.1821104756875781
0.3469042689989967
0.23659988189266995
0.22969891588600747
0.02351019102328737
-0.025553297060139892
0.47555099526350053
-0.452635527936912
0.02864293677719082
0.6610846844331054
-0.19300484221936376
0.139053277946263
-0.021284711450041096
0.12134715337067209
0.029816963341376367
-0.07056441040021588
-0.017790198429387834
-0.024419465044737555
-0.05860124396041072
0.19179950212383556
0.05065710977074893
-0.3779283215378417
0.04428205914382442
-0.1642403388977926
-0.014787211082840498
0.10486546492681198
0.09256579495493625
-0.04819676685489207
0.1298705490079329
0.5184871741718822
-0.14813962680668158
-0.011233297967107172
-0.3808916285806286
0.05405926642278977
0.6453809010670634
0.08599339057701386
-0.18862645177402354
-0.19474793516832958
0.10919573208361898
0.41191478302392964
0.6509284808105599
0.651435293490619
0.1318739436205855
0.12246663082327947
-0.05336779656212982
0.0897788108487717
-0.036734022713639576
-0.05453407779628909
0.14970332298209432
-0.022930595808679646
0.023370921609423008
0.08008889191587387
-0.14914372205163676
0.27520410804503265
0.09657342136330092
0.03871286558729972
-0.019413129045614343
0.5027082168461998
0.004220964298929498
0.08095402755958081
-0.271191794360012
0.015793074356663547
-0.13304919761996165
0.25570541170055355
0.20652859552416378
0.06332989482412969
0.05992677003076846
0.048511953270087144
-0.04051420580153523
0.08270145385770433
0.10479223362952676
-0.019178604843565598
0.023633160174286245
0.15620684089943215
-0.40695478362669796
-0.008405651258281506
0.007327744001078328
0.05863359516475828
-0.07418977723276372
0.01480620317127042
0.10218277093058051
-0.24159071491491235
0.17700655489539982
0.08560257272018264
0.044420518404002386
-0.44422224990201764
-0.1358905222616019
0.16616955088969196
-0.008866630753049227
0.02412973949340854
0.01648200151817103
-0.10813514180919782
0.08759526797451851
-0.012990325226020822
-0.5157818374045142
-0.08732948684691377
0.09715664047006328
0.13373007178589524
0.1216816039657447
0.14387945786043418
0.11274551671694984
0.11548079213960684
0.2316564306272895
-0.16477594750150767
0.44298561332460157
-0.12401844239943444
0.26295934291436035
-0.0817902328477003
-0.13682431462405564
-0.07378556782624768
-0.04084784354808123
0.40018412576836904
0.1402492201432403
-0.07102753339440927
-0.15703927907430817
0.08745961778770925
-0.18308660910345093
0.14447777882708515
0.2267733420189769
0.02767813664204082
-0.061753053009115426
0.04857618252071135
0.1042028813840454
-0.08710574222657892
0.19683091495628657
0.08372834242477219
-0.36792736643133367
0.650128102858968
0.4943217108881239
0.1314683360678773
-0.052364081410473495
0.14239899592093028
0.06989386927014996
-0.0645463577377398
-0.017254770580486984
-0.18895672267718258
-0.019310024482595552
0.5131094093859305
-0.11282179681794399
-0.1338825286760985
0.13793867245954902
0.06139143726125334
-0.40511543776679826
-0.013591871793567497
0.2041028915468188
0.022492069167924924
-0.05413952223085951
0.04492539791238812
-0.10176714424098504
0.16812177527541441
-0.04911555543928114
0.15371363822676115
0.10545059710373182
0.06000986099654767
-0.08932481719516669
0.12803082862037501
0.4077424256720505
0.023839139532835073
-0.08079071771556338
0.6266573301657846
0.11378829102122866
0.1155206408185238
-0.07806263513267309
0.0809244204380262
-0.04977041704814518
0.4359407856948748
-0.007562603345968554
0.09184064751567696
-0.10766175363863488
-0.44569442709954804
-0.08556025254516395
-0.11808237730425965
-0.17935358920012237
0.529205707704946
0.1208214503893432
0.08017107691292386
0.029569174479389743
0.09757907398201113
0.08886085697889562
-0.42106136365404107
-0.14899451167754016
0.10493814356515713
0.014332690149321934
0.049333329220665745
-0.17343607734015373
-0.1855614765003504
0.030724933217138192
-0.0016055016359363722
-0.04457636892088078
-0.5320094298755335
0.03954452148283611
0.21512833178931334
0.06578627655101375
0.06422587829030477
0.6376842196094944
0.07046368467789449
0.5088896540142251
-0.04609504568125549
-0.15825695727052871
-0.007511102390374497
-0.09352873980703734
-0.14894172124572222
-0.10277197202550054
0.0369567563463229
-0.02873656444717241
0.03420553722425205
-0.19208351619159586
0.08128279151986899
-0.6161518123742284
0.127854146443451
0.09708310766223613
-0.11196841963784822
0.0945945644739463
0.22431968173036343
-0.09069814434856004
-0.1476310086102188
-0.10341666408836361
-0.021198565319379938
0.03753359813677186
-0.03298545677921078
-0.07448407863541767
-0.4905283290764562
-0.11717009602740314
0.5219713687262867
0.03904136498457112
-0.42276937014273297
0.09520303391876635
0.07113169211902759
0.21872507205246655
-0.10777329529463825
-0.1321516909224739
-0.08459918110522707
0.10000740754601269
0.16310049413725508
-0.04393774535110833
0.042149819947110194
0.008838386986317713
0.24907802338180504
0.1739902281788262
0.018680009904588082
0.1301243062671167
-0.06982996481526352
-0.004092890615929945
0.06697925431738756
0.16602854175580833
-0.06980011800765548
-0.0964576106995559
-0.11894290073135766
0.06088229001579385
0.2821487576764759
0.09048507707566604
0.04659232657414141
0.4089221805938381
0.004648231557421089
0.05298581094650046
0.39535281276103124
-0.048418513984998954
0.09939909931671262
-0.16666160072091896
0.10578960475955226
0.13794813143313925
-0.06492681112858821
0.4610449654171085
0.2755717298449231
-0.07015025773267859
-0.10807392806227517
-0.09408432237114181
-0.2072840452762189
0.037167768073577336
0.039074982216216296
-0.054778358903154
-0.3711062603989713
0.17243269770472625
-0.03575389320980126
0.010872108118828269
0.06113323717842463
0.0064428978408241945
0.09914023055643043
-0.04234043966779692
0.03936262272060994
-0.10332988602008471
-0.10392744554284433
0.12855441271806758
-0.20045921335715428
-0.39481550407305527
0.04930943294021292
0.1480448989714089
-0.1123641689234613
-0.1981129785310549
-0.20520468676233689
0.021150792006334965
0.09848885152830457
0.09341334976303965
-0.016125554766523734
0.004130373051943112
0.09329966138307551
-0.04296108947825936
-0.16310450918080907
0.22223541957779908
0.06888249940410633
-0.11612858808091012
0.03468178634961469
-0.10939635115474644
0.4354661634201955
-0.12199984851655785
0.015256707449669253
-0.6115080978920037
-0.012467536580667614
-0.05739258278383869
0.054050211599567154
-0.5956474027644056
-0.08188942505078427
0.3870782834888368
-0.04519083933204576
0.06456298342091034
-0.007722870055847918
-0.43581222531004304
-0.0870632032410338
0.004796492975249154
0.08898555537754485
-0.026754040245477423
0.15219889813785706
-0.08329959870697055
-0.13834256754424212
0.17790838947400817
0.1701920107698405
-0.07172486775667013
0.0027460152502820022
-0.08931874835151574
-0.18757623525794934
-0.032497192114378355
0.03427181904529662
0.05331768874584056
-0.09512277672289843
-0.04627526470289516
0.08160267191655143
-0.18502455688203356
-0.09266805839269633
0.1718648314084974
0.4394728413458984
-0.00621725674914929
-0.06887944753563231
-0.05880828102124958
-0.38335246831733616
-0.18253419157161377
0.11660818959385996
-0.08757872024045234
0.6256036707967642
0.006886315134661662
-0.04898992686995762
-0.1259524420572551
0.02120039829996559
0.11576805363717599
-0.09808697699559335
-0.08529808915536545
-0.5075307605012391
-0.15618387854934054
-0.10161815678680856
0.254606283512428
0.012452315292925967
-0.07323812893911455
-0.1283127355806517
-0.009272393601487511
-0.03864416339267826
-0.052758385035396455
-0.09594636691465316
0.16354459359711235
0.1796511463481519
0.045497918269598064
0.07365360780252428
0.3678432971402069
0.11561985733000228
0.19544922782943025
0.46741100120538065
-0.049840954911820654
0.0153077755357324
0.03778659928877581
0.17130527637312512
0.0845963605725976
0.119116472063386
0.04589838900816441
0.1428575601239338
0.10703504357054389
0.042755958663630564
0.023623433469520682
0.12397390541015003
-0.0680952750206205
-0.4391167731519799
-0.2617816252920968
-0.03831166371120199
0.012149101590255382
0.17571855387632343
-0.009456806563533024
0.10186016713222397
-0.05374304884878498
0.3475971765103964
-0.10173774379353212
-0.021092365851364182
-0.12798344236624512
0.09087467920173986
0.3935368043677204
-0.08897137669136092
0.0053807322156672315
0.037780020521830555
-0.3211229628699478
0.35119214058751314
0.193099491736351
0.1378197073173562
-0.4388537177292493
0.23851387221075634
-0.15290336988536424
0.40340945670955614
-0.004451282912863504
0.170754021859639
0.08727043901620536
-0.22256223710172957
-0.008579619940569078
0.013643974422502958
-0.1764432047981232
0.08265630932940539
-0.010219580199531298
-0.07821179408832192
-0.26483621535662843
0.033608578150728874
-0.42007313296902127
-0.09267365890267545
0.1879096190412245
-0.12272833707022125
0.1971712333387793
0.09375087871822219
-0.469421286940874
-0.4520032208750727
0.03724210755440336
0.021305528690140168
-0.24517921193842904
0.13187458063365307
-0.05993740138734223
0.10741612936656074
0.033535777130431675
0.08942241739991544
-0.021505218651662657
-0.1099577433519164
0.041985040965439306
-0.021711725876243378
0.0008551351483303235
0.595954000673075
-0.41902977197233604
0.00615829950212914
0.055515409762408804
-0.07088674441242215
-0.012902347177953254
-0.12164464943570429
-0.6249143858956291
0.15249048880128624
0.03864748439128356
0.0795627694963858
0.0741995489021182
-0.12178640617612436
-0.10567564800003972
-0.16655617754210472
0.07719080325931046
0.08887206473671855
0.009396484979944029
-0.1583676578972339
0.07542984990827396
0.10293720871993615
0.2658272084880279
0.09818981962419086
-0.49939926480957836
0.03276096590653922
0.12970919148027127
0.02834327478980366
0.10747172526165527
0.011535087002003397
0.019527271406321812
0.11844843655667332
0.0835362460141479
-0.11584335762537575
-0.010227560665928347
-0.0016209311077558441
-0.033934235799143155
0.02127301083783791
-0.5234940884979514
0.03306580942182515
-0.037679780122400454
0.6194337855170906
0.0742982550563149
0.2091345303947382
-0.09226638311851795
0.11714871805803025
-0.06005735601519487
-0.15493704432364694
-0.44225651643420966
-0.056166121994308815
0.10570194539096271
0.07364842002430341
-0.01901999642162652
0.14284546250151642
0.16672527265097606
0.09132900970842679
0.0003962419734499774
0.08373809166650525
-0.42217044421806954
-0.083152048102135
-0.18484423672825687
0.016651893984701023
0.07154957406176726
-0.09059226090150205
-0.15009786112301052
0.05208506299435901
0.05324316737221266
0.0024827840911661827
0.03133403245873833
0.4492486279726899
0.4536698439827482
0.05220488428174493
-0.022410375387691445
-0.04836918753976814
0.09099888562863435
-0.0663591946833682
-0.03644165772031828
0.11030227292029747
0.11498907977500533
-0.3704208219193141
-0.03722236957154191
0.07155773425192605
-0.003713915398868065
-0.005610621207183206
0.16786555101172848
-0.017934441561668627
0.18304406940138507
-0.41116440502136076
0.3987173997798268
-0.004353925266686764
0.10571870651461925
-0.08816820635223187
0.07199253197722578
-0.09824250813709094
0.03137545978531927
0.639926666221556
-0.45690770445646556
0.17628742320604568
0.16351552746910655
-0.019845828090363924
-0.47582311784654796
-0.231928339517326
-0.07979497281953869
-0.14851446920424172
-0.028559396897923393
-0.3358469269439117
0.11727795243855633
0.04684654501888643
-0.4152981935924285
-0.08871925935832846
0.13231319422665502
-0.06462551262540142
-0.00032379496189235366
0.16095850521124117
0.5700927624792432
0.07804037221242326
0.1493481186286281
0.022407771506969782
0.10930207375600356
0.05736159295724557
0.04354566946571866
-0.09023245241748852
0.4816245591890479
-0.06476111885091863
-0.0914883847724046
0.14146593710909836
0.1076916438973515
-0.03342413996781444
0.15667970199544398
0.09697023030472501
-0.42489605966677557
-0.33039106350665015
-0.2019400795521877
0.027334079869943743
0.34712475186787445
-0.3999562443802945
0.46012787606631633
0.005421299060776202
-0.11421950356766757
-0.016621929771323162
-0.157121597250287
-0.14542121246731532
0.19942528946607538
-0.05406862011881627
0.09957631010204858
0.025549296232603835
-0.4868171239577974
-0.1253436197553197
0.05759438657368704
-0.02294231392410129
-0.051933649095604675
-0.0025079743992894817
-0.5338608379690021
0.08982072866724505
-0.185565836429429
-0.4907883948093922
0.17320156416287563
0.1690511876350158
0.153662649672126
0.028010029114411743
0.1080051808194478
-0.08214428673965549
0.2445413438094002
0.004908443951475872
0.018651793548744734
-0.04342710924429872
-0.027784884423183432
0.09558799902969636
0.4478065231945979
-0.17678323888735414
0.0643366050573376
-0.07640109753978534
0.11824166300675173
-0.04244933965847405
-0.09269775210900862
-0.08027861413245249
-0.07246272565410887
-0.00600577153334657
0.11298109381841691
0.006906566301500148
-0.03256963107658267
-0.10814072533323241
-0.12775828384456428
0.10393065499565192
-0.000022931105385788188
-0.19789693769657002
0.11603494958601825
-0.4419994695571167
0.05872150420121839
-0.04992635148155936
-0.05960102709625287
0.13761304899820903
0.07788059369641807
-0.4563645673537871
-0.1675805942872523
-0.09028188443957959
0.017723931806422295
0.05608838415891739
0.17832673646036146
-0.09946522008383248
0.0004672305219992383
-0.018798465994968115
-0.26608599582710807
-0.009891560615056041
-0.001437201897491797
0.11213769767114892
-0.04067470787030867
-0.267948323208861
-0.02067427353698984
-0.06866579683369185
-0.0545184388795725
-0.05218504418381297
-0.06292952007266092
0.036481459110151784
0.47850673590578313
0.04232399615598295
0.01898834384677622
-0.047107972886301516
-0.062146186882911764
0.11541390498959392
0.03122135267539774
0.043176957179757454
0.07879726580946804
-0.15190294658026396
-0.0020357758816301023
-0.009898790486425094
-0.16042510549852929
-0.17377108048500578
0.10008426782706775
0.4213130038753835
-0.052642085293409385
-0.054004235629305654
0.13200177980513414
0.20943899983006686
0.055541036933449174
-0.07719094060816688
0.06567272566608852
0.02878289057006053
-0.05320682591043481
0.13761864942265958
0.11067587947872928
0.1539204669097527
0.14402453339101684
0.024305603517993442
0.03592294139552829
-0.10265122058908846
0.06618859436066486
0.14422170009773275
-0.06042078948019921
0.04366228694557509
0.05173777681871833
-0.15190013154280635
0.05930740869490703
0.13516674542148058
-0.02120306105793597
0.07640775617469327
-0.06266589450780959
0.15405714163374684
0.0837217188688706
-0.09828390291795036
0.005218544084719028
-0.41381906325274154
0.022742073417126623
-0.0681401173889663
0.021194268547511174
0.12615461522825588
0.03834716819671665
-0.04475207454621594
0.25716040856153316
-0.21614217840465294
-0.05587887698396517
0.019337522808499017
0.014993672980994643
0.4099391892310715
0.1761945180604157
-0.18353061569721765
-0.18784861090174093
0.1272811934179481
-0.27984232294376543
-0.049823019883388886
-0.43308528151285014
0.09403546828348716
-0.02738459965523039
-0.0657831293438688
-0.10443400880069373
-0.01942923621117764
0.01971945987830937
0.11764480167518857
0.05321126217043824
-0.17904830521471238
0.05363674182626314
-0.20496277040518496
-0.40098881367999073
0.062137401453543115
-0.0012766896265568712
0.12391086660600725
-0.08729898456234926
-0.04991740866503248
0.07840317694830692
-0.09877102831105204
0.5094686630067122
-0.06768682526450583
-0.09254252283415829
-0.08644108233318047
-0.12019456485360733
0.11311271724561889
0.0539660944677775
0.11491271306580113
-0.019205535626083566
0.17239303746485168
0.03625243364834593
0.10207559089337391
0.07168971659403517
0.13897850351336125
-0.42880583895052066
0.040979508857577444
-0.07114861743444834
0.10864190728101689
0.002975732076843159
0.3758201245948002
-0.464955951346295
0.2121364394167921
-0.16066896273445996
0.05931883652140725
0.08835937334337282
-0.025174630347916675
0.016900386616837064
-0.10378321892145553
0.16535939282362136
0.4068646676433343
-0.06259602043684485
0.3632325997834425
0.04673900474565657
0.0068249888919201425
0.5001313817010564
0.09135902792682156
0.02373096793888326
-0.04860390558297117
0.06642456346364915
0.022828573864174206
-0.04553387242072
0.06648076219943726
0.12258861455160076
0.4340850130708902
-0.6211524780534776
0.019079386410286666
-0.04757646572497912
-0.07775059803390068
0.09722139298610409
0.05131851639493679
0.2985486851168229
0.4866169923645355
0.20996246334711519
-0.0381199048304672
0.4637345064530567
-0.19742043689994015
0.13873101744346164
0.12070521888562336
0.1350517811523489
-0.11412264667296047
-0.10222156972022965
-0.2893356404156841
0.07578263776466564
-0.19673812316698197
0.1641522797657563
-0.04774979090270026
0.027868572853918604
0.12903935001560107
0.042288998993223074
0.04457890203377225
0.053510881257575534
0.1235422167256371
0.6580115715884064
0.07106147816058878
0.06393406453388917
0.08037726596506353
0.07565242840886226
0.040769840571859686
0.4804570847399488
0.05231612188315742
-0.04868243106763094
0.024865961354432503
-0.04098295302835362
0.028319091151969632
0.25914733101896964
0.028174328567072453
-0.15348511549478513
-0.08092214196966385
-0.0159820354427523
0.2718180376448088
-0.10531424295094881
-0.08327985788543489
-0.0410759966007975
0.1482229663527899
0.05614144019832477
-0.08559045685220944
0.006531703008343286
0.12050571976165
0.07242325212206412
0.05979582218481013
-0.0205702191909339
-0.00886689512548206
-0.11077103585915725
-0.6453745825580488
-0.13594981008653628
-0.036015350510496674
-0.007280970461358805
0.08877330876977893
0.020746718346258238
0.0897294394339279
-0.1007698209641196
0.1814340538866488
0.08120572364465581
0.03847533191813304
-0.12214176116901117
0.3671320892650427
0.08390367268063864
-0.005928881630102001
-0.19412360342165946
-0.06402064833047741
0.46849548781754463
-0.09609329496407581
0.09103690771690268
-0.19687855160365975
-0.005991950950643543
0.099603067015901
0.04815560370681552
0.649794618158076
-0.08568235400530001
0.010579171319218266
0.05063432200837033
-0.07494798988354967
-0.10125675801596878
-0.01833452284067936
0.18847177408517793
0.006571996967163124
0.03955474615241637
-0.056634633708219424
-0.05349696483996158
-0.012030904631946922
0.4431603754389849
-0.1235935932262841
0.06352425206600118
-0.0659218221218036
0.10149316078951795
-0.030974145624912915
0.07448326361235262
-0.024068762410884854
0.12373423361634765
-0.06955844608447397
-0.02274752629392591
0.06343664523593334
0.08160761921177964
-0.21043706836391912
-0.08580570081851706
-0.17412130244006108
-0.10612625943948407
-0.03914082562529859
0.14904118859573845
-0.002141465641799856
-0.002500519754595257
0.03967470975193517
0.08589318666727604
-0.17321117579541506
0.017582466665843243
0.09319074483587449
0.052587317737582594
-0.01921037178100151
-0.07165157083730349
0.03950838440315877
-0.00015116251066869232
0.014039691053978
0.010125806324616779
0.13861565147099608
-0.1830058501652547
0.07045882361913533
-0.060358916330179084
-0.011200138708923635
-0.0916746139300414
0.04939103221560098
-0.04741375939076798
0.40874614773018253
0.05419999865575354
0.18079684940437457
-0.06446893897146633
-0.028331120123194047
-0.07284769439191133
0.474095018045303
-0.1942480009404312
0.03290102472927629
0.08815674624693044
-0.1548712213276258
-0.19093791777465433
-0.07078496261650691
0.11959912661360114
0.0018542857942540742
0.08974095232125405
0.011176959448284564
0.028167018235244163
-0.07693872461353618
0.6571683047597512
0.017958035902436865
-0.0394905781172338
-0.14393136633099016
-0.028462776659791026
0.033379520055732886
-0.0948298683090511
0.12619568522045504
0.03663170867883388
-0.11877242587324892
0.04093004089532013
-0.07102613917659217
-0.049073529947005756
-0.013358096523511253
-0.02078533570590307
-0.45212589403132225
0.017017199397797826
-0.025762523394748653
-0.026674203291499277
0.08543231863014528
-0.055886095390853645
-0.07669729419391398
0.6627371064381653
0.09016727328434228
0.44352807014344137
-0.15861956453188755
-0.6639777416652385
-0.13319604620309952
0.021896426320516842
-0.13927369691659056
-0.11545531248373474
0.08764104577738047
-0.19861010018110828
-0.03705917176475737
0.02852183555034281
0.07632766157208778
-0.09494328864747789
-0.1966025764531701
0.1518049765066217
-0.038015606511706476
-0.20086099242970412
0.07534248534098392
-0.1048121301979556
0.505170899616053
0.0333811833080238
-0.05930270740686426
-0.49572884782387056
0.1151102685334922
0.03580442501683946
0.21062104826930333
-0.36425039328540043
-0.659634093274189
-0.005425291881653148
-0.41250012311002526
0.21894440336974733
0.03587333194019247
-0.4711444798958922
0.12680415192362207
-0.11426800890106953
-0.1399965926673601
-0.18392718249246673
-0.09221140025180988
-0.15551215753701872
0.0930019698182885
