0.028731292549222194
-0.023177827537980904
1.0618077261367924
0.41377173477885104
-0.5989659953414974
0.3028762710980216
-1.2194637870212517
0.47951370200691257
0.6699444403179929
0.4293904355299259
1.1696548727564944
0.2811975164862922
0.053918534143997825
1.5362687650744926
1.130563231500342
0.9622106279186599
-0.3010466588165014
0.003875550332326189
-0.5106447173308125
-0.20592190274039907
-0.14933124610289786
1.0590579163458405
0.03472265818631409
0.9599948532886983
0.35804376202441135
0.05194297297631397
-0.07984336446358686
0.9107819004472846
0.07482605920018909
-0.3914004113852687
0.5210278128969176
0.3811396806918309
0.8341119516373632
0.657620370110098
-0.7520337092988678
1.2953958618404995
-0.4492693191190448
-0.1610510637984458
1.321111694278492
-0.6476786026918161
0.43399265680656424
0.40786224531109005
-0.3993494147605415
0.0003322517503239342
-0.07362727162061022
-0.18491636875297335
0.41003119640741437
0.14599168735472387
0.02333087786675385
-0.670767326215271
-0.2728002881029655
0.2259109004007264
-1.1577019098822436
0.9495043079239448
-0.04106098638419146
0.5074004692373726
0.4291953897790007
-0.45314040407994693
-1.0306299338109866
-0.43299835181715485
-0.44013262188577745
0.6222014643376906
0.39918029199541094
-0.38994807578324425
1.2891400737305392
0.08479732276830548
0.49559901228232695
-0.7206077253835673
-0.02510442574063294
1.177736419038409
0.377196943544291
0.938589132804292
0.47622872210423095
0.6858376888950783
-0.007383908886519418
-0.0022207913660245615
0.3697819028803634
1.1275795626924041
0.05237661191272406
0.05009783786993406
-0.02578811656907004
-1.0655131255663561
0.44568116827516824
0.003180660194021393
-1.1165385355117428
-0.4434106008636452
0.7898002879171924
1.0482105556526624
0.8919725812941113
-0.18291350086132876
0.5862134630266627
-1.4751850917715972
-0.10273439345924316
1.0535101049198285
0.5055897031808902
-0.47810120390332067
-0.03979908998953593
0.8853212537975272
0.07060351925890844
0.2444673398234833
-0.9365723515477037
-1.2651935504211713
-1.2816639368133695
1.1406800669614408
0.8000345265523189
0.38606664279457387
-0.016971030386544666
-1.1244900299766618
0.45817455056161177
-0.5306696026754163
-0.036869601523003934
0.024883161659094856
-0.6726929179557762
-0.5214425461948452
-1.1847834133538477
-0.782004720503161
1.1000853564019888
-0.4932552044581712
0.37521575648127603
-1.266118865065
-0.7441816470542296
-0.05839536801324074
0.4159052232087156
-0.5416055499180621
0.783399026086743
-0.599838006456464
0.43531330671287627
0.10646010317151407
-0.5722587398032314
0.44478168565364284
0.0395948097076125
-0.10741839033492674
0.09497016299275812
-0.41261593895713267
-0.5061496418156541
-0.3215155925725457
-0.505455651015098
0.03653757836635519
-0.33431411170599695
0.4183714474106804
0.4423399723548732
-0.6232590038405238
0.7660375211594567
-0.9895805598429706
0.43534077219619405
-0.7712572655168548
-0.895230050209146
0.007479670414819898
-0.43982402705486856
0.05841084491295513
0.43303651437653856
0.8059197926147346
-0.002050186432859034
0.3174522541358502
-0.42977579356481355
-0.07844285465764739
-0.44851053859678
-0.5461570633182663
0.15123590268852116
-0.0015133060218222394
-0.9456961261161736
-0.45974314919445153
1.2139046750543958
-0.053852594607343464
-0.9557982301861233
-0.28579485196740245
-0.08418867224197349
-0.7907293649883224
0.8603859653170534
0.3864572217940621
0.03934290304326175
-0.7266771569359345
0.4088635214819575
0.31360781709390945
0.7292676569361093
0.915001304477375
-0.4505672822437251
-0.9623032164998209
-0.082094731986104
-0.01728569477690599
-1.2511220145088213
0.3970753544840032
-0.07634570956365146
-0.48646894511431105
-0.06406155027001781
-0.026387863528035422
0.42735664589377115
1.3513392077273672
0.03260205853571088
-0.4367697902398331
0.4146933400055827
0.7729079029573297
-0.5899552629240261
0.017872014878610093
1.3988490537055587
-0.3484515018961789
-0.47811214545456354
0.00039674933755533937
1.0785159356814598
-0.7390796131735592
-0.4174961367206016
-0.33640863125485326
0.7533486155374689
0.3850230239292306
-1.2387207453612004
0.05780961515750026
-0.38857268228491315
1.5077549361597073
-0.2418330772569549
-0.6904787333249055
0.47336456185224096
1.2573097890563378
-0.28131241494269543
-0.0017176589961494207
-0.4094765830641011
0.3434903292418482
0.46420143179074985
1.1148574071390653
-0.46435812898344475
0.08383209567628588
-0.44105640474898283
1.0969616115763536
-0.05770252465555643
-0.6010546969492684
1.1679303697552113
0.6670719878657704
0.6929017148064819
-0.07690374417512223
-0.42484302366394266
0.6037802816651994
-1.0883734389407613
-0.0478219187014386
1.1079405547046937
1.1465920632435354
1.0830795444195263
-0.523247165274308
1.0277629300890059
-0.31073065426672986
1.121200809943133
-1.4625310664174542
-0.5324975814054238
-0.4308201720651162
-0.051002891149323694
1.0821515629257943
-0.030449917447553845
0.3649498880954693
-0.778663453620371
-0.038429860985625695
-0.5750792241422339
-0.03994313556549987
-0.010111616462979164
0.15117574274874268
0.6091240068100778
0.7852603423493237
-0.03190972381052143
-0.19142680143723917
-0.8616290455325504
0.43431175018979096
-0.8032976971507522
0.36301098501961265
0.3392190147864806
0.12406111359918044
-1.0459454167294229
0.4547873041984791
0.3613787129433985
0.4197284513761284
-0.7873717819791292
0.39484874584628693
-0.4216905308758012
-1.109882835268903
-1.2419227718527217
-0.36771707658993535
0.424996828669764
0.19288074391703833
-0.31344032468242716
0.5369634101134092
0.04292523269106274
0.6559733834755583
-0.406486525861151
0.35102603580786357
0.6111360649127324
1.0372063955255073
-0.6545846656735113
-0.05094062188932291
-0.8101881158779987
-0.05409798663794102
-0.4621827532219614
-0.5388646723844749
1.1674637347413692
-0.13606917829782944
0.3380039332928523
-0.42468018093361626
0.4045012802165656
-0.32953257197708363
0.9123000949623138
-0.3511194504974972
-0.06627368636491944
-0.10577370259981664
-0.0106342046136069
-0.11565974199373887
-1.4401458805546734
0.3532489884147641
0.3534588021809641
-1.352777478788857
-0.39417500564627556
0.414446483675826
0.4476283342987985
0.04571232013375248
-0.6433772817508658
0.691843893101037
-1.5536205704061476
-0.4180743357423832
-0.5831937362908566
-0.2609219025410579
0.8217622051502488
-1.1397415515073144
0.09665696465355794
0.9113929704531473
-1.1474667771023774
0.867765172785265
0.7510472540656363
-0.42839211544203
0.033091522952758606
-1.0148204623596895
-0.6898349937022705
-0.44020635240712647
0.7808967473865044
-0.43725434846337424
-0.9310517952701682
-0.06501030081846781
-0.49816350616981286
-0.8013953222160005
0.802196773518875
0.0633076994008715
-1.0188255126624604
-0.3929645752148305
-0.3543387756810826
-1.1577733634282248
-0.5421396779147898
-0.6930658366942134
-0.04901532108771871
-0.31377671568213455
0.08383617967530166
-0.024838444779746394
0.7063232519150554
0.8580102754525603
1.1085523152673706
-0.4031012163801119
0.4694333510756651
0.08117065845622617
-1.1162723878144725
0.7640003691511437
-0.41438495591605234
0.04524163580562431
-0.3738050882021676
-0.44921900153772915
0.7937036132617419
-0.10217220843887631
0.6705631330591406
0.3598502411021294
-0.7932668706977043
0.7934792582415966
0.4278424381169298
-0.47932600345296256
0.4249248450818687
-1.0916258353755897
0.16968428919752865
-0.09911893099145598
0.09066818351683369
-0.823134256160032
-0.43516925068047096
0.8710953905503191
-1.2628367436647994
0.4096969143270892
-0.015681610500008217
-0.2648124236741013
-0.5803641944627183
1.1172406341306234
-1.390856732024022
0.47500031099090756
-0.8162980365730093
-1.3728887259079958
0.8039884077192517
0.34953114744425184
-0.9065316216577565
-1.1243875298426569
-0.2388149941568721
1.1443579124981778
-1.1210608961936128
0.15115486353453653
-0.19884129047417365
-0.4016024089565335
-1.0021962444943329
0.6953227190305034
0.04130382376757457
-1.5332044540951155
-0.5796885835297503
0.3928956210143103
-1.0799443109739637
-0.44138136173862746
-0.4494472400498156
0.5017285329933384
0.640430626593572
0.627174142033735
0.46317888478372193
-0.05027968462345308
-0.9900075313466395
0.8865374378947526
0.44298409574728603
-1.0658293166776442
-0.8047759146392643
0.6285890680421649
0.45922833195073715
0.4704252451818282
0.2653370735653654
1.0198011603666184
-0.451448663829394
-0.4819736669487118
0.38496507399767094
0.420930211577199
-0.732978482752362
0.4323669083937454
-1.4240577593919883
0.4922313307965111
-0.7427441688845093
-0.7959415036981446
-0.3609672998720857
0.8508884032185956
0.7896764680528289
-0.10607137196079963
0.4369760129571238
0.48673996154313504
1.0884918385670779
-0.7800109586765569
-0.04625410077121853
-1.0001812973276991
-0.045413713146959404
1.0991724105587635
1.0681628749383503
-0.8023478980286156
-0.13070141732566357
-0.770843561899704
0.5021858800197349
-0.3846404404768763
1.062458562031745
0.971003021058995
1.219052520103607
-0.36965810922469716
0.4631631670100554
0.0255927226021441
0.4364501209659972
0.43180893263790937
-0.4698394785542299
0.8804361388296852
0.7593818332509324
-0.05611312441410592
0.34956609840284514
0.057083809844806724
0.482731304525709
-0.38459307982399643
0.010718865465577047
0.9672915910479125
0.05432134877662261
0.4026878762837137
0.6358866321236767
0.007103075835284737
-0.33375905640923076
-0.01074694482270048
-0.19754739912952682
1.3352355575132753
0.400868754001807
-0.416006121330254
-0.608579613981989
0.09897852165318315
-0.3132925776602352
0.47961843847070335
-1.1875050426558778
0.7850779138308873
-0.8045657153733913
-0.4496199779526473
-0.7336784964837565
-0.060572466090899335
0.7706081018960251
0.4968866587132708
-0.7349652083589104
-1.0985252430528734
0.6319685188108816
0.026653372480704565
0.5520697108113115
-0.7805991137673025
-0.05479080803301077
-0.4328777070697578
1.056926437742749
1.3258903069800707
-0.057935010813688154
0.03861472540873697
-0.27221816492806516
1.0500169268741224
1.0021765964299703
0.8387428013283066
0.33937341980501234
0.6863134647165412
-1.2040153521561119
0.7139652674490599
-0.8375431565857532
-1.0085471200902878
-0.477503912982732
0.7452847013143306
-0.33902606448837197
-0.022697534929684297
0.032708135257081564
-1.0268109058002708
-0.4236005869884904
-0.7515894212227628
-0.45241550675124886
-0.1168451330739324
0.8847374266839603
0.3596081818393447
-1.318227858515898
-0.5003838936273238
-0.5264099643860792
-1.132845031134104
-0.9307995191650926
0.4232088290980426
0.0243767140777965
-1.2249371288613695
-1.24091386060742
-0.45071104211584867
-0.4116840911137562
-1.1829579071670682
-0.02254410888971903
-1.5189929896822856
0.006244667368289948
-0.5887205942548266
-0.4678680191816342
0.438368185371162
0.08979853898204829
-1.2427371129932687
0.44842155335055234
0.7679895598671213
-0.7334804129329808
-0.5246810000098454
-0.43136575976690333
-0.6603254755262624
-0.011149892283933427
0.3448321048188361
-0.3764207173488411
-0.31416494661220906
0.07939883896376847
-0.43893825334800046
0.03255315174179619
-0.2871950873483627
1.4449140899781916
-0.4223169277053607
0.016826582916760167
0.33143910964966505
-0.4931898785253786
0.42930767990788843
-0.4136279699943675
-0.5103232045166216
0.026057724966547784
-0.5751874500795003
0.7151973651171037
-1.2454557713135208
-1.1602691168263786
1.0685634376458628
-0.09953857540082087
0.44270978298552366
0.011455450394886055
0.33372640807079873
-1.1186011983192417
-0.4823403402399618
-0.9546783106853122
0.44342844808436643
-1.0835017397970816
-0.3286553213156125
0.42595807181656276
-0.38611025588862186
-0.296944190318149
0.026012671296849765
0.00995992756714412
-0.9317615222060245
-0.9486138254987583
0.00842905629124773
0.42149437526185823
-0.4649229810111615
1.043468980042172
-0.9167511016438379
0.06566553323115924
-0.7206118093701706
0.043934585135062765
-0.3833789311748372
-0.003315293812229349
-1.3519121179306088
0.05952104385449073
-0.5020719523369258
0.008119976382883348
-0.32531132618426284
-1.176975849794066
0.30495087505517976
0.0031995244210068774
0.4512407050001964
0.5008230090650923
0.5389913490247825
-0.44405512143587417
-1.1612418672140898
-0.7646381144653758
0.6116074195547082
-0.05719061070125705
0.04467797625190332
-0.9962156308864948
-0.19923832799386984
-1.4452414592074285
0.12009328635850192
1.1317372985783687
-0.38818096243194855
0.02797215521831214
-0.6743407434282861
0.9411615886464977
1.072018922277987
-0.20709483724651245
-0.1202125848779177
-0.7829678838179078
-1.432371973490528
-0.46627721382693427
0.0662700998495875
0.20070997824591957
0.4339870107416446
-0.42320058191563314
-0.17008685592781134
0.9996649299821532
0.591198536619828
0.4770074106835631
0.5412944027374617
-0.04907847292420583
-0.41357686343551375
-0.5135779017143285
0.45964541833222383
0.4577476883819646
0.10666471376822613
-0.06709825898400018
0.5262985278619613
1.1142085734058065
-0.047745351558196675
1.3756274326700475
0.39880259904842613
0.1905598073600367
0.45832742171248675
0.7310287174376191
0.4080899282278318
-0.431955084669561
0.4401279479346286
0.5361583503728956
0.491987212529519
0.2939462864676151
0.7050711284621569
-0.0860675650941247
0.0873093824737934
0.6771736655963216
0.4311206822097886
-0.037655768477394956
-0.8033156408846607
0.39490595645441373
-0.1180943091280548
-0.061861522311511694
-0.052601287922770884
-0.7720040099514651
0.28361108841149646
1.1058786111029926
0.6128980651814456
-0.06259339476765177
0.45055363610633675
-0.24162018388293707
0.03279775679381845
0.7997256547809926
0.42153307534688245
-0.48130029765763366
0.8723528028448918
0.8041029613412157
-0.7291855830165737
1.2428850957811168
-0.4518530905184365
1.4100031377552802
0.6358058132237238
-0.4424816300546532
0.5134949606895974
-0.03070149637349322
1.2055532790405992
0.8539057323389346
0.5031207049984879
-0.5099960383516148
0.44713711856208416
-0.8464991521478054
0.41431282885870946
-0.4279255859039131
0.40369391735459825
-0.6179673557001789
-0.5869643599042611
0.06512473608828494
0.37235323421699434
0.47022604781432725
0.11178693967386756
1.0062612483417022
-0.9360209338182394
0.7944883237280698
-0.7687965769588048
-0.42403373673536277
-0.5172135242312782
-0.49474825542194856
-0.5090405601384784
0.05653436429106699
-0.6819573926888677
-0.5011572798807605
-0.3495884610392889
-0.5575280500434802
0.07801640593364888
1.1447566981598136
1.1662132533372924
-0.4318251922815867
0.793591860813089
-0.16298917541073935
-0.06098451416068782
-0.03606877639846514
-0.40313726155236335
0.6501629684727704
-0.4415172692277076
0.39122366570204675
0.5951039413417298
-0.7449142652103651
-0.5509373998986125
0.04401138379058564
-0.6964585506896932
0.6566286635564546
0.4764879755388919
0.7034897498850492
-0.054460151943273485
0.7437227090311371
-0.4919478050885019
-1.063736266944921
-0.4797027816282094
-0.3978946237504883
-0.42445130259013125
-0.34283343895503215
-0.39983328089049475
-0.701507998420045
-0.872267847527891
0.4323050823914464
-1.437107256122478
-0.20087963548851326
-1.27239808732316
0.4382170671788767
-0.684500342380667
-0.6924715655460861
-0.5719664537216266
-0.18855742106737655
0.060345928365808606
1.2177194509199643
0.43190392263974026
0.05094062754624927
-0.2463618120244994
0.06010506273814399
0.06293258092099788
-0.825931910729138
0.47374604328356684
-1.0715702482465534
-0.36040958182053495
0.38301445114201654
-0.7932608811941853
-0.43107415778491726
0.8147972064538298
0.6932553581272156
-1.3718999742559188
0.43373082406453617
-0.43872861932042584
1.0861535077442819
0.43021223324587393
-1.463106852545391
-0.9103642233381883
0.3083458852794476
0.03981628215599106
-0.5152281226072949
-1.1587033723656013
0.791579053672672
1.0260873698645512
1.1319175047001482
-0.8435234599932019
-0.9022890797361108
0.4429856617073988
-1.0086544912594888
-1.166026710532768
0.3609133537977156
-0.9871981718494496
0.33922424296627096
0.15493591159541184
0.037044805289209434
-0.4156459245822742
1.3021579574325557
-0.9349332831714299
-1.1500778257562752
-0.9542549071682485
0.6335608562483435
1.1384790231045856
-0.09912997032638438
0.4828172627257259
0.9858381780143953
1.0740391599383619
-0.5074823285217849
-0.4049543406154295
0.011633010980297204
-0.6956781570611467
1.396765591105429
-0.45590408913122055
-0.10728011468348529
0.4578241171385106
0.09916329212789417
0.3016870609931199
0.2625570349977995
0.5527727489267272
-0.9877588329834781
0.5335915098256347
0.09095996214908897
0.4304846914727051
0.2943594267343713
0.5393545064246656
1.1186015728573653
0.4791679734273946
-0.8385529801524249
0.9118212115973388
0.009832336763913319
1.0702781680965627
1.197944857295378
-0.429426817160464
0.027373741826495056
-0.7817707420864863
-0.031335660339465464
0.8827458793928922
-1.0969787866550773
0.013343790418375103
1.2796088288321132
0.8905328859535492
-0.1658676802663935
0.4100946198163834
-1.0374623121992905
-0.014750594745691504
-0.05788572066869235
-0.05955544677199861
0.6511683847714959
-0.4403740362736654
0.44358574554457686
1.0894010901994082
-0.14795090337171765
0.26828890311747033
1.0439370474341862
0.4404872383301956
0.24808514862197942
1.375258429770354
-0.7119138557272273
0.3464573582581555
0.5078776972814247
0.44038805454295293
-0.24006066542258997
-0.10227608356181117
0.5990032984620013
-0.04787771554976251
0.9345739556671796
-0.024936014346418844
-0.44442753286642755
0.4363528160748459
-0.8119838573173329
-0.8382163463487913
-0.05189505765088461
0.43203898588867284
0.7262320467616789
-0.031890345708499454
0.46838020815976794
0.48823755965028454
-0.4076331062585185
0.9936799451518349
-0.16858145285706086
1.2983656145800997
0.05994682568073673
1.5322777120585849
1.2177703698852311
0.4962598142794171
0.5807532177899012
0.6140378700572531
-0.7964956759027395
0.4105003087695203
0.8671235193746928
-0.5324976532880683
-0.36709212812400616
-1.210244152802984
-0.04959659534063394
-0.2768415797674294
-0.42732342033831167
-0.24441402374056456
0.6339959396673102
0.43491346787293444
-0.055306471743599074
-0.21645674514030705
0.03971023398735189
0.3937677762405108
-0.521897659136849
0.027765540427231512
-0.5096399259856725
-0.3859777793560572
-0.043873659883904834
-0.6059626961744145
1.0343413361021139
1.4886746263362869
0.04686788082593061
0.3626358182442707
0.030813685445480292
-1.0496642409913226
0.41427590257127483
0.4441344873528156
1.028452543711229
-1.267042753893381
0.6583539073552482
-0.542591668651051
-0.5123339180731891
-0.40186128286541134
-0.9108413653373125
0.035748020630870146
-0.0643498875865192
-0.4711637758971137
0.01750562686276663
0.010582643328166398
-0.5023878956882749
-0.10312991608603862
0.5760821372379725
-0.40751007373446496
-1.1696085032958532
0.5075352847581693
-0.36750799842987514
-0.5131112118331888
-1.097354908524883
0.46642651224797066
0.05729380613956734
-0.4122440708678188
0.004834224285979055
0.04760446841486016
0.06781352638993642
-0.7461692336409219
1.315682599602383
-1.343769444313202
0.05307274198219307
-0.865519573358305
0.894045634757532
0.26796869880602947
0.81695878978763
-0.882844943612454
0.06384999503021248
-0.4715222529974765
-1.2865179705347716
-0.4289841604064937
-0.9683306399766578
-1.2548423201856356
0.860871985421136
-0.5555404541485832
1.0487001380263397
-1.2079453326105793
0.44082417088356746
-0.45192903432720194
1.170954713294968
0.31539267604016197
0.14478529862777872
0.195754603893289
-0.11942915357672075
-1.2021905245248243
-0.4824044228708977
-1.015213243705934
0.42330835157555047
0.1370070445610921
1.0397206793721852
0.16748983376658105
0.4676965764156523
0.4347572072596427
-0.9196910947665714
0.6091840217091319
0.3600392800531292
-1.299253056576126
0.2514020911546161
-0.13325860108096402
-0.4850222877029398
-0.5268026946557662
0.12405332436657472
-1.2324333712742601
0.0009774444627625746
0.5873792409145808
1.3407732422251766
-0.8631188164781379
-0.5701451636698426
-0.5533870670744653
0.32788161797890236
-0.34827082715147817
-1.0898799769220988
-0.3826752571159272
-0.5375042712408016
-0.6165061551363796
