-0.014601833840605013
-0.5444142229263556
-0.5436724486447169
0.5913317479515883
-0.11246659690207833
-0.08518688371820031
0.4917236566603809
-0.014968040797763621
-0.147343351559361
0.06665055779990638
0.17227388757703793
0.3807628732878684
0.3951129643375736
-0.34668154597426737
-0.08119313925270362
0.24920069518314064
-0.14452153562329695
0.017986667744299186
-0.1116346352815266
-0.058722694244460534
0.15301490008792926
-0.12472965251208905
0.626546474809856
-0.08499508480244292
-0.005338453140800449
0.4917467272235901
-0.10922620286859255
0.0009706884596513203
0.12629947514246778
0.2818887911082732
-0.2942532275393655
-0.08737819320986003
-0.09655688547917066
0.03894085959671363
0.05931072443096836
-0.01729329537234176
0.026118060519100608
-0.1276808605783864
0.0004534431047284414
-0.06052946292714924
0.5773861286268894
-0.9618293159255114
-0.10353672385851602
0.38011931408689115
0.32285700995091443
-0.23150239302880862
0.4169275936492142
0.05323626984522431
0.006663028131330549
0.0017201549658273673
0.29921889224382275
0.4864879737450828
-0.48535695123547157
-0.08292842597479061
-0.7880350240847062
-0.07889610046858331
0.04240404622627835
-0.29883450474575846
0.039909861455385914
0.30841337682108627
-0.1432882822079122
0.12102442276021866
-0.011293935065983963
0.011951713511635367
0.04059811878188429
-0.10210350988640367
-0.02115931034634614
0.013076288640010005
0.47598673905379746
-0.060928337823051085
-0.05584118464629639
-0.2203940593530647
0.25742571534183684
0.07609706697710635
0.49515644458898583
-0.3209942112036523
0.08474454645570047
-0.0686403550903124
0.4775925391151134
0.05747351728808497
0.27137708866654897
-0.11738560526176563
-0.6683730175616235
0.31430552857862354
-0.0015487175310706853
0.029894161230876945
-0.3351016194770094
-0.6049055994916431
-0.12119548693049378
-0.08265611800855097
-0.9868097692642158
-0.001154473158586927
0.012494268449747077
0.07225275049716395
-0.06234362240382394
-0.012503531130972509
-0.5018918677607611
0.03803781715411144
-0.09529707048665756
0.09908101427089651
-0.6669690613345877
-0.18220326953098456
0.0393609033979202
0.5755103602654397
-0.013710460036660365
-0.08389076633934467
-0.3608802918155166
-0.4983823335971143
-0.015803247328215968
0.30512663055197814
-0.11868848051091761
0.07114958828413469
0.004098651515088221
0.38070165686586527
-0.0575930570034271
0.1141016283795152
-0.5621457787546893
0.021068399147125164
-0.09386236025288354
0.48621566955646217
0.03869610976472603
0.5634397636239973
-0.4155045929135059
0.12170553382993887
-0.3247459014901853
-0.017147392091720625
0.3667906130271549
0.3349978800939711
0.05715152026645547
0.07965535401633005
0.6030785910829649
-0.040032622240698375
-0.35406593663416175
0.34249352852370285
-0.523317131117775
0.2532419250139776
-0.05639001651388805
-0.3708110567517369
-0.8001909078399971
0.5554868757259444
0.5115448739751862
-0.7083325607685312
0.47960389611383
-0.5009639774304802
0.4834377401563295
0.5778925850198822
0.6673546975001033
-0.23279039799653947
0.4149314880962229
0.12670084799331643
0.6994478408469649
-0.7329019776808283
0.05817174335368292
-0.030825312094996758
-1.3690225091035466
-0.09441313757042175
-0.08826096411169435
-1.0777214747864725
-0.34499961878172253
-0.07890058304693158
0.10774761212311716
0.07008121051269975
1.0129313823535497
-0.00821445428817118
-0.7760531269837826
0.2006767254953319
-0.10490367834813587
0.06511448380139492
0.057473704698737166
0.18690521619150774
-0.4122668527044759
0.016237873304843987
-0.04836778064097513
-0.3872010259044241
-0.04369409597313451
0.04793461485807484
0.0054254294276272035
-0.5595163851780535
0.43610452107196407
0.2296218226302927
0.10426167842195759
-0.033945499602849066
-0.19388774990628213
0.48518821007115287
0.41485768832926273
-0.020253605686261937
0.36044117054442293
-0.22806207704904272
-0.06374476361248331
-0.022195356810582392
-0.2673674517209521
-0.018729321235182263
0.06888110814140587
0.13666977212319753
-0.04526109597727752
0.09076160379223891
-0.016839266244740185
0.5635216926533725
-0.05355365782632694
0.011145542765260022
0.06210319858188201
0.08861096799854115
0.052655297160354685
-0.10431012198655355
-0.05220174806551378
0.25580143439059
0.05460869266425215
-0.049849344588833305
0.4303429005160488
-0.290320532365411
0.27999362961356405
0.5620951699742047
0.3374284484890179
-0.24245753994983263
0.06941943131088277
-0.02430996928930887
0.5927950623079143
-0.8952670215751989
0.14454216810186807
0.3426877379103062
0.5962266184296745
0.11606944548364088
-0.001822605460935887
-0.0810392573745431
-0.003031049766966381
-0.11417185636194835
0.07819481057149855
0.3364455094116359
0.3435976496388541
-0.5317657268255351
-0.6459477254688183
0.03091705160163577
0.5418868061556938
0.11140074632508577
-0.5099888710857908
-0.1138385433572264
0.3919030985798383
-0.12993421173046907
0.584185565848405
-1.041797940458689
-0.46624129857896524
-0.021636545769659662
0.21162198742161795
0.0993031719358882
0.0995716714546178
0.08479519626737766
-0.15410965356936204
-0.024489847398466675
-0.1275502670698447
-0.06403560570711127
0.15980589366522618
0.04216908333747251
0.4446420955516673
-0.010652672751548157
0.3059529003412399
-0.12908262966641795
0.026266924898766017
-0.6177368570853791
-0.11704455065461619
-0.4349029541607449
-0.36906504597849105
-0.1022995269109897
-0.04906208764020285
0.06722128713108473
-0.36224332654280117
0.03784024039464704
-0.08988102839469209
-0.3233175342747923
-0.38326605211112136
-0.49670099437657655
-0.06597591499130995
0.5059647239668031
0.22821613340429805
-0.12683095029866584
-0.4347942045064932
0.1224631212102421
0.5670002877500404
0.06589500531121646
-0.31220158007883575
-0.0867101889544879
-0.03603418486017247
-0.165224721944561
0.5776704771040391
0.11945357366958753
-0.010358573988028013
0.014860473526616055
0.500295829211336
-0.3683931019471911
-0.021781012054675267
-0.5561056993619107
0.07008651929962
0.05140575095111472
0.04890758109695523
-0.38999606532637626
-0.010014878592755237
0.35936596816189126
0.02218206952395811
-0.3619297348910341
0.3827794301204585
-0.33433728153006337
0.023524370401907965
-0.6066381767115181
-0.07532225613124902
0.06652423273110503
-0.020848653771593503
0.03423258558259294
-0.3561557459946921
0.466007721706981
-0.10015763211986879
0.1163094765695794
-0.02649385136619637
0.0691004157936962
-0.13373624298829884
0.0035938035083324248
0.13293784464406624
-0.5249938212222723
-0.21293449147339835
0.1004273789469712
-0.0047809892913017165
0.4738760077139442
0.027072956946655083
-0.5222615145241524
0.05220649011843278
0.5392614640976151
-0.11715006296139378
0.06491461041765981
0.41360760895889603
-0.0032829328716042273
0.5164748022690683
-0.3673200267866454
0.3854243640729453
0.05563713633300253
0.500858815266265
-0.0023047200727782727
0.12351750979065443
0.38301735704141177
-0.041385938075343444
-0.25687504321424953
-0.011148686981960884
-0.013503698137732336
-0.7721796395633167
-0.040177833531914085
-0.37324822905304494
-0.4574707416123896
0.025902141224268073
0.40805918603614033
-0.05571833576442474
-0.02683880734611314
0.11544800655216497
-0.5505807231270625
0.30557717528659917
0.02733829475661435
-0.13602720244248795
0.13215363482868828
0.11760498101610442
1.0766159080888817
-0.1305519455033688
0.5769268124888547
0.09723286384586614
-0.053155407417372444
-0.9972636360290165
-0.07101285117999083
0.006249817246370983
-0.02979897472685968
0.06807755004112914
0.42337839964089186
0.505526453283293
-0.254716247591795
-0.08993552213435047
-0.22304941151065483
0.0701579246454593
0.4954254871545258
-0.010773884018260496
-0.052747944658491926
0.1446895416148839
-0.002081215467794305
0.44487130224847066
0.35974798519907597
-0.03100457824683442
0.9146065545543979
-0.0808964253009117
0.7308837359378082
-0.0978182921625491
0.01398941466732707
-0.3461859552135933
-0.047454781882062085
0.3543906781798068
0.07296503074592013
-0.041922886781681296
0.657314081190212
0.09592937916237593
-0.07575794171570936
-0.07007916734217243
0.36694940599597786
-0.11889877803056749
0.09288224577132279
-0.022857450515830838
0.012509490496356402
0.03174581377853562
0.04457171523688709
-0.5433774397614904
-0.3588618782244522
0.12060741805591868
0.019359235025967782
0.3375619862254759
0.009445622429560777
-0.05583907242979382
0.04670683606335519
0.09831853109047178
0.008996861920108217
-0.10725021328935075
0.07300328101373706
-1.0051521726890202
-0.47378333060489614
0.08635677003886345
0.5152886388664333
0.37216435758721483
-0.042781947365585285
-0.0036842549945166007
0.018900269993151003
-0.01958801022842503
-0.33734633651677415
0.08508786479747227
0.021086428356498006
0.058049934580252094
-0.3303587284832353
0.03585221948286113
-0.49788880205712177
-0.31620867845260087
-0.2531270047557382
0.33846591680117144
-0.3719341703513683
-0.05603314102765703
0.037097834820701475
-0.013090287478753612
0.5552625931625385
-0.008668470845136837
0.4206151188690858
-0.055141377357053975
0.40104120871105303
0.05971651681038269
-0.024569053693128524
-0.28670468467669424
-0.09110230682815636
0.3211506700202248
0.14242261751739982
-0.5581470666064056
-0.4082230135965732
0.12196788008852757
-0.04234032200279269
-0.10446336458222277
0.74887026036427
0.5235423877022158
-0.09205592280993136
0.42751882590437934
-0.5863548356585035
0.44682836432569994
0.01764600835044084
0.547364138005124
0.32075223140252573
-0.053801874624259796
-0.34505182717637817
0.8148127737566239
-0.09434342724333297
-0.44612613112928956
-0.005884440324693058
0.5006602257532593
-0.1140385466714586
-0.07061476183096783
-0.4746264377834098
-0.059364585758388294
0.045164514130287256
0.5488072888168957
0.0543128088123737
0.031179075045456948
-0.024305729834418505
0.03812371550423684
0.01109902113053474
-0.06650876676006728
-0.13391703130377133
-0.49640665822465846
0.028696759172513627
-0.4414270988718804
0.005286222873968661
-0.07323204234771054
0.019674207826119762
-0.0017801569376980546
0.4759003604199422
-0.06885167719193316
-0.09675012802006351
0.3015902605861416
-0.0832064846007268
0.903007480939455
-0.09402009175051133
0.8113236776658016
-0.15105374732511043
-0.18177932181625636
-0.1900064895426568
-0.07659098271042102
-0.36822539750456396
-0.03374772295511977
-0.05207516571433097
0.1089408629164569
0.3446491013389445
-0.4520091270147369
0.42010346642424173
-0.045101051768015106
-0.5062418174064345
0.32858247358910564
0.010497725649647589
-0.08627808710070946
-0.09605681110919626
-0.021567878042999193
0.039478796363247956
0.10017316180183296
0.04915975443999113
0.529410444385707
-0.0429668969082867
0.30647065091717235
0.06381749104350326
-0.076857999863139
0.12101963529832872
0.050773891694296094
0.46434852158077766
-0.31979155904758416
0.05929554934497011
0.19062447249276782
-0.11428972677139962
-0.5244272144408095
-0.3481131875170705
0.35298594080289963
-0.04071737906500239
-0.030189766090206877
0.15139276192046816
0.45507128464584257
0.41207806872505753
0.23536172139266234
0.05818886975822838
0.10620733497421865
0.01559543665126628
-0.06305337244885033
0.00920486512228985
0.11106611259141608
0.09555198392662573
-0.3517804172077214
0.0003736001973341698
0.11338098654652444
-0.28458720443208646
-0.05207487987222326
-0.46183466548007773
-0.61440166148317
-0.07953409922796176
-0.5362074359458558
0.0686874279245388
0.5528466976243157
0.6410167270675846
0.011624773682886464
-0.09722786374677533
-0.00014278886659063302
-0.04630301262182493
0.06077570894537251
-0.010684109122534771
0.05733474375445725
-0.06860207052996317
0.17395743443625772
0.5843580740844585
0.5522626148168305
-0.35827248414113616
-0.09090190981621761
0.01074281601082794
0.029488510569573797
0.4064771961916482
-0.9237397157404891
-0.5285170961514405
0.426789292420478
-0.12124324095177512
-0.0630026634568118
0.52791205524788
0.034428633267912255
-0.9278356379517044
0.1016746171159026
-0.6617176416845751
0.11924525033918944
-0.34689136887455335
0.011946349749241782
0.02937021282799149
-0.01672297711383085
-0.5058847912069715
0.03119042713607921
0.01603340021537136
-0.49224940014208995
-0.06057007487591642
-0.5357676388757643
0.18130015352670273
-0.12503647736690493
0.27381177110805577
-0.11983869130377353
-0.4759303139572369
-0.058792352168546516
-0.13140537414582626
0.6253003855730099
0.26624903744621425
-0.022300484337170093
0.07383659641237929
-0.08684816791510272
-0.04863423965857859
-0.28325707620380414
0.020505367014237816
0.2643320620403993
0.02270926275378285
0.09357747397246252
0.6056180606079437
0.402541772932227
0.4364256203986415
-0.10869781933247108
-0.04537282553397281
-0.039378527170258075
-0.012611844582738575
0.3553494839365554
-0.4941702095840741
0.34139570160216853
-0.3526934537854851
-0.09447928247496402
-0.36509790619872823
0.39959662112053534
0.06228616026568403
0.06841172865894975
0.06608252138400136
-0.16257314690530464
-0.40551283527218834
0.6040291604197827
0.4903373999142257
-0.3531882724324047
0.32909238800089524
0.7816343137433404
0.6747949623839871
-0.009110411814277646
-0.3902586231384525
-1.0426817231262984
0.7097003063612342
0.026785164240606077
-0.35554423409166896
-0.11337981583667224
-0.14241681068147471
-0.04566549228409655
0.4227529521586477
-0.4652438064793926
0.6750110457825114
-0.03657189879983825
-0.02493319239774949
0.09123840885348318
-0.8468119582532863
-0.01601895038323755
-0.019771085929409134
-0.4735621658956571
0.06273495533082254
0.46373217326856786
0.1335024552292872
0.04126126148865674
-0.6757066710962804
-0.8650845502587341
0.32089531094397805
-0.06600716373761444
-0.16179310734155997
0.5955519603413696
-0.0775322184133419
0.6131445193295096
0.04272256394368561
-0.594014242664317
-0.34103802425345453
0.052707707943671245
0.006715267082684592
0.3460136871085719
0.6674095323458408
0.16482850077042283
-0.07560633808288778
-0.40416554041599534
-0.13306056273139003
0.29632434094403165
-0.10195160564326283
-0.06621397761803823
-0.3736006265627684
0.31465118063627673
-0.5433665362266512
0.4423450887396169
0.05405456899815799
1.2582840068588084
-1.0579230940797126
0.4434096639676593
-0.08285316943301942
-0.5479132428968382
0.6390025289217681
-0.5946406347852894
-0.581481109343713
-0.10231602514147975
0.12068613024364122
-0.0873928060620608
-0.1273055640799915
0.4429451400098115
0.8830559078449391
0.5497365598842869
-0.4217865651155047
-0.050575721135909815
-0.48888617009060886
-0.24802717439765423
-0.30973943026239026
0.0022073338657947537
-0.36524243908837073
-0.47702617484606713
0.0134371816499515
-0.02162387571839775
-0.45239005876203797
1.0876146667842284
0.04246414680225749
0.009172244034131203
0.4334602570881998
-0.975896874594371
0.055398459023826896
0.4586373619617246
-0.05337978481533241
0.019007385637171675
-0.19838516196361214
-0.49306222760842217
0.5023329684933943
-0.30335190095413334
-0.26343560745697864
0.38207649108109054
0.04603976461674466
-0.0941024080874622
-0.009460820966420131
-0.008076203843821114
-0.5262525252895471
-0.5731119011723066
0.5009042993589944
0.5230794693566461
-0.05739391776360815
-0.3284413246901733
0.4319771313331981
-0.14039708318139502
-0.11341237111814867
-0.01171267075148844
-0.07402184446883293
-0.5972629522519519
0.16336602095940753
-0.1630352391226596
-0.15720143694809308
-0.680678658237589
-0.07675367808582936
-0.01692992855361752
0.12066444958000105
0.48867983528455144
0.6539612833991804
0.3441460666659722
-0.2602523036189318
-0.32030920390459744
0.43782554950350766
-0.6992895410168037
-0.43872394344913573
0.04419344493364039
0.08562590043426577
0.13994278858475645
-0.07357434070925915
0.3144064803301538
0.05891869979008605
0.015788912817090533
-0.04677776687364761
0.014288301967568428
0.4913972613193671
-0.3646460765947304
0.2027946863180391
0.16038678510652568
0.2264731949286728
0.014665212429287507
-0.9741069378618291
0.3088319970623218
-0.5681278113575319
0.3501290713700665
0.01714590573363861
0.35434252037007874
-0.049667168249442194
-0.07125920820627084
-0.26598899280747873
-0.24106057609392717
0.431524456148237
-0.3591922139631412
-0.12737857348799878
-0.04234112474764891
0.572687064283395
0.05350691296025292
0.9582250060406791
-0.19009799809727743
-0.04901188616812641
-0.45863682963055025
-0.05425610847062262
-0.39064805112035605
-0.14199022486885793
-0.055100150312767375
0.42194741353466864
0.1291428315657281
-0.08199227600753684
-0.017955569986386706
0.8890026115207516
1.1043298243895532
-0.18379109461225618
0.39449613659426824
-0.10372916921447886
0.22539276318281715
0.3526399864313129
0.479664435205946
0.07833986559184124
-0.5771884118697705
0.19517025815132802
0.18951757105531927
-0.4949455430659951
-0.23989540566018436
0.032137164068264605
0.3988418899536315
0.04611821995023317
0.008238184817310186
-0.08358608724767326
-0.05100342276244195
0.10125784316383825
0.3609842029242423
0.0035525408485928916
0.46202126483246897
0.05148055445252802
-0.05071411383298673
-0.07577446410344321
0.09539021509827542
0.004916103087239345
0.49067429789972533
0.04423566455865789
0.4342190417697421
0.3997376343944114
0.03810171950056433
0.07607962026057047
-0.04123925867334908
0.17540946369073857
0.2547316914106031
-0.2721152835940304
0.08990453156983075
0.7522498599873935
-0.5282232520127648
-0.08854584506054386
-0.09992526179012011
0.07597434942894052
-0.6045887890868747
0.1018445946930128
0.05087751133950582
-0.4140948804360666
-0.1090497842101358
-0.022266431636818965
-0.12675728251803065
-0.1611165102400748
0.10724592960926205
-0.05904371756787045
0.5612795450965332
-0.44580680270484135
-0.4251853888487815
-0.12000073231717656
-0.5532118127310415
0.07977217227803254
0.08505801399236457
-0.4799937345113582
0.11970963596584537
-0.5905495420733958
-0.04842732662259608
0.03637499494065206
0.12956328845142334
-0.09197076517434895
-0.41431014122823273
-0.09401385351117869
0.6095650899556698
0.26165505072334205
0.03034650409337851
0.46374410154793233
-0.03370290955013842
0.8925378126299955
-0.04330729533938354
-0.09842318371405619
-0.43625010178456197
-0.9344388140218277
0.02904564118562944
0.013375926656314149
0.11547004565092799
-0.2838167689966883
-0.2913258244509174
-0.03486412273774061
0.6101870206051058
-0.07465948680612983
0.48117030015818446
-0.17677984882114886
0.04926539159959304
-0.10878275618479498
0.4210450364271772
-0.1150868808641736
-0.03741283789928316
-0.3141259624178362
-0.025883354860485725
-0.006280352149978388
0.38307778754527627
-0.0599216372499261
-0.07394996609109342
0.06062379266990246
-0.07511373535653676
-0.3137309899168416
-0.07121442876112159
0.38114365760913455
-0.540521322374349
0.37264719592944956
0.3578577932969444
0.05472995525215
-0.5805932168548061
-0.2118146283437966
-0.44886245027042176
-0.11369683961206246
0.09236961022110952
-0.29150836324632406
-0.49930563124884836
-0.4738691412368077
-0.07749822722863366
0.29711696918841624
-0.2632005917980363
-0.2886332650881438
0.4545268897515091
0.5712092367249385
0.38540517176864447
-0.06297310751665583
-0.004107203203954928
0.5784581587155724
-0.0794750440590913
-0.0146451554554967
0.3824299055501796
0.3441650182521289
-0.38198059920616206
0.10026568748942939
-0.5852334186667675
0.06995307371794383
-0.19868780795465227
0.13094099447122406
0.11377465660713833
0.07655927898715961
0.14273989438967497
0.11999460022515275
-0.12699989586851082
0.06794628501282816
-0.0884422103628474
-0.37327797504035776
0.056222528330406835
0.5405251257681357
-0.4902034490785323
-0.7962236626897948
0.2621532534065157
0.557620162050082
0.18125209758272812
0.04519021285891042
-0.3317804643414081
-0.08475148314253693
0.9564224950939493
0.01761100406568786
-0.014062581004760636
0.3560654702575842
0.02901284438558408
-0.10296865492646863
-0.9145067981206505
-0.11407025128396209
-0.0008810087062511352
-0.04380531714687302
0.6222035067269089
-0.019314178340636614
-0.588153233459981
-0.4764319082761736
0.4986418093708145
-0.08076945780789146
0.6741285615995917
-0.7990279574169268
0.00783948441084883
-0.0902156087126785
0.06594423007240392
-0.3937113314537195
0.2957940697831522
0.6651513870419438
0.22599013467178722
-0.546336614409333
0.13079347648464548
-0.09398646766558796
-0.3792901865439594
0.07347455980953713
0.3520022559841458
-0.11865451025876887
0.1366215785803174
0.19138940160091544
0.4090332353577706
0.4772855503019801
0.46430720516879714
0.3804274846225902
0.6662662438126464
-0.14463101059588257
-0.3847224543014797
-0.4411496535839026
0.035410549545949827
0.31313502779185914
-0.5183673328774965
0.06245499773510223
0.04001834782923825
0.019615778873540712
-0.12602512023560125
-0.45913742865837326
0.5034410985036417
0.6675745254523272
-0.03545378545714121
0.15600749776794715
-0.17897914981714286
0.01908630255917325
0.3279668817426431
0.36084011594034066
-0.060538646801695115
0.10361537851347025
-0.12493751556668925
0.03659616983369943
-0.6256637300050475
0.516109062601319
0.02019780863958976
-0.5077198709678582
-0.052101795447072975
-0.0711880325209228
0.1474076440561142
-0.27493164931538744
-0.08064941213063852
-0.43644069968995414
0.28979053312641345
-0.04271005590920793
-0.06984414000695946
-0.7344093493542819
0.2604866335995659
0.043533898464121194
0.006930908358542332
-0.4390050596792533
-0.053790612691824995
0.015671915461969884
0.43880262329966435
0.052916256289627386
-0.9238967855035649
-0.09346114772559456
-0.28088691086006184
-0.056371720359660434
0.4803480228696921
-0.009093880673502608
-0.10027448944199152
-0.3075269514929727
-0.5838840443069097
-0.39671188197728086
0.7888542371086642
0.34505489311456233
0.6856704745534107
0.13496133608885738
-0.012872556209616855
-0.04876677512317175
0.04582775933304163
-0.03413022144598666
0.06526019149129292
-0.03851210861702695
-0.42632877815306297
0.04873746068038073
-0.43232483217366097
0.06202690092304992
-0.05162208657099163
0.07387528453424319
0.3290033109239217
-0.39210929016510065
0.5149366009119823
-0.558359294010985
-0.7432666092757382
0.2606605460749477
-0.0487880994460731
-0.45075123008321993
0.526732817281589
-0.5227795847315564
-0.01467160965328163
0.20341680991398142
0.03713101239873487
0.0857437093160726
-0.016819454295945804
-0.0856628085764789
-0.033549170779991803
0.30968697579018906
0.9382612664579278
0.7299462393919502
-0.5643475263628149
0.19117560445347434
-0.5759806949034125
-0.03839388180147442
0.471366243532249
0.03433635069636805
0.4341614094839847
-0.13046239167533946
-0.7164432242771043
0.5561714537816057
-0.7506052370052573
-0.044441703076109555
0.36689370938526333
0.5153740081669641
-0.04152687324331324
0.09759493900120911
-0.21926069388473765
0.04969394203963511
-0.08772062379758337
-0.28834203783211393
0.5288086162676334
-0.05588425018349722
1.058084618686583
0.12946907076170294
0.5062876255917842
-0.08256196235684062
0.6041925439031193
-0.1251384541500364
0.3166582660267354
0.14747575143188502
-0.05083801081895514
-0.3166935422999296
-0.856723064668885
0.6001356277458314
0.6411601055472859
-0.1447129570987857
-0.22428717423506928
0.009515417678250511
-0.5509464352466674
-0.10888934959663749
-0.04426506789701947
0.41664015213762623
-0.5413748912530844
0.17908953025282118
-0.12684644186723054
-0.07188490703352535
-0.011041496139556694
0.04944356794036334
0.1457481145477864
-0.07889158622991982
0.09001166512822521
-0.4987932689909364
0.005573957724668588
0.3056891340344649
0.11683235720151043
0.17003111546926059
-0.5738711633216422
-0.2878606300134842
-0.0883249256949699
0.24895243160992356
0.09505353723133438
-0.0810345964970372
0.48870385653336657
-0.09867716687924404
0.10373273667072955
0.6799109162787605
0.07389916127786648
-1.1676292996758355
0.035996877251603714
0.4996218917799855
-0.2234492273132908
-0.030623239576877837
-0.5506496609539661
-0.4303237530095986
-0.09695090862202124
0.4542766133921873
0.11421133304137616
-0.9453407990954885
0.6109143537373133
0.4541025564140164
-0.10434608049830982
-0.006680608592245207
0.053298699072213254
0.030962234692960094
0.2452925292193398
0.30591939154714953
0.11581876199438162
-1.259163457640358
-0.0482735353821052
0.10617328183838386
-0.5594842956339617
-0.10458575351802571
0.009647543945975546
0.3893576549233317
-0.01380358786686837
-0.347831560792166
0.04189492182228983
-0.044902511325799734
-0.8420824192686013
-0.038472192529074356
0.06238037676166021
0.012085319085701419
0.11249825917279545
0.2868443401495643
0.07437814977404222
0.36692911887870344
-0.10092293948956052
0.05894263893298081
0.05557904463518542
-0.3640313477039257
-0.33321754001472953
0.5709761759624368
0.3864563581991625
-0.07342062332698134
0.05153701122919531
-0.3604231027305731
0.03693698892068428
0.7530974772194897
0.035813770784880454
0.42454341465230433
0.5174076516342642
0.7873869913241831
0.051431415611958596
0.11091302245637143
0.4677629704080031
-0.03687019585516925
0.3316605065544581
0.4669548271867518
-0.4989084042248395
-0.008074034178062775
0.40388714982294566
-0.14460929505733325
0.7935840155756839
-0.10875440985789703
-1.0233076483113968
-0.2532565770294466
-0.0049060846220594125
-0.09961318910373795
0.18853081363262586
-0.03989046381449584
-0.07714317314454087
-0.06641280398049125
0.008289740836731322
0.27927823378236655
-0.4852134645613611
0.17073885515061638
0.03592585766066888
-0.11098593793418744
-0.25254781671930904
0.004877922645236661
0.19285390388755397
-0.45012750644605776
0.18893545545633725
0.07303711169470045
0.3701284304540982
-0.022599944312962847
0.41907421246895854
-0.07778377471364643
0.24464692774115687
-1.208970609133926
0.04671073673178825
-0.0884358841043817
0.22256991259563388
-0.6787496699179445
-0.19850257452672482
0.37195674868052786
0.10059453515838465
0.007889190890530532
-0.04497767936566418
-0.13341105477863108
-0.03242237885309206
-0.06755551942976407
-0.02768495023433466
0.059001443363165436
0.33614325379090176
0.024987334345334195
-0.1339743102207332
0.30600007871256896
0.8379078258212607
-0.0024094157868251634
-0.002393202148898473
-0.0017042472780098776
-0.08154087251304028
-0.12657144989212554
1.0185837170726493
-0.5233069008651269
-0.029196694100284498
-0.03200704687064942
0.29849245866552865
-0.06643910648030722
0.12067009124934006
0.4258583017291804
-0.0823311876023956
0.5264816064629781
0.2876922950386121
0.12997911674920712
-0.025907162484787506
-0.4272584032080006
0.6958334793202301
-0.10871231555183901
0.055967943087310706
0.13691048399115452
0.2674499857161302
0.058456449052692414
0.5860414934544012
0.007723124278856539
-0.06321554745434811
-0.04558442672324791
-0.037407262204958665
-0.0800592959522264
-0.7438095088122976
-0.4379755547789521
1.2506310625069343
0.5319290897676803
-0.1100863675432299
0.10188738647938954
-0.04331767399043302
0.08838623573176255
-0.41474490461038904
-0.7612996494931673
-1.3288679130078316
0.1277730927853543
-0.07905474685762012
-0.46291147083509376
0.10509307876979047
-0.028320664440934108
0.4822342185802027
-0.34015092069419195
0.06418416750286272
0.003335145955606549
-0.14924248961427836
-0.3175613772095667
0.011276365097152375
0.10211566319143589
-0.11849229322032727
-0.11238396968281932
0.05357376135410439
0.10157236829023511
-0.5271381589128136
-0.011344370128981257
-0.03799527638163295
-0.04616479420146828
-0.09437872037406882
-0.04009113580645177
0.9786388957570407
0.38034827542646893
0.013313982399964817
-0.05456557862231201
0.06816405616249369
-0.3086502157203989
0.01040985852251671
-0.10303870068227342
0.2833226171853765
-0.2577871892035885
0.14422528790310157
0.40979376784522203
-0.5311695699728757
0.05538363881442443
-0.015589506775784166
0.01963430465364097
-0.10061973846279776
0.4262042454816175
0.402979090175925
0.057018900162864414
-0.40168870371979487
0.7152643027154624
-0.12259633311908333
-0.8834913062330666
-0.08514017860825651
0.5395821462489501
0.4335137714738893
0.11179313823974316
0.11260131506962517
0.14209093165362688
0.37936537473846627
-0.037789030267595336
-0.5480261030136178
-0.44912234067087564
0.048100162047121024
0.16729382702436657
0.10272791572173723
-0.016723362724816497
-0.33718180957148985
-0.7039568459587208
0.027537940510599147
-0.5039821297539058
-0.12448130605154731
-0.03463059974324672
0.8404635738444762
-0.12056821245454351
0.4941311518782349
0.3840149747174103
-0.6591362163767382
-0.5220251900301709
-0.4288870773076936
-0.5456403579973663
-0.023112757951282516
0.45713170635554295
-0.09314445881165281
0.007844346394978153
0.06427275917558928
0.07087887584299335
0.024913030864016462
0.0881117132718979
-0.42127646371476374
-0.26450150108781906
0.07267584955500843
-0.49101003934409043
0.32173892938309906
-0.39542083670886136
0.016519943047872243
-0.4197673320691497
-0.2750772044054868
-0.1332097949246174
-0.5747895025226674
0.20471735814219885
-0.06916733059649104
0.5239996839895669
0.4138335599971497
-0.05095256286465405
0.41114221552411084
0.4750859837353551
-0.1299506692263852
0.019650470776195153
0.05332657471706224
0.37657332755545453
-0.28573939827992606
-0.11135933384034163
-0.07665152645300884
-0.08722706113857571
-0.49741591517678146
-0.12874477313267785
0.5898168123985695
-0.361667950936915
-0.009857309274631841
0.32718562421911546
-0.24929735442487824
-0.06371414789102615
-0.08078623224608375
0.04931944138245162
0.00780063141690605
-0.04283066699681864
0.026606226353847018
0.29441467634970964
-0.46346429087823127
-0.3895223861400205
0.25513249095732515
0.007792279786863926
-0.2503544171195594
-0.41408716432705206
-0.0032580399148549118
-0.01776493833313728
0.49410463188327836
-0.14758490020596043
0.06853868070730773
-0.10710521528103327
-0.005368594881139745
0.3116778601693566
0.24110030787824022
0.09935768467378835
-0.555893565602482
0.05256737880132904
0.7015895698261411
-0.2742235244893273
-0.39386058739292124
0.05654289191835612
-0.5208223730808399
0.4875922771329882
0.2713224256886539
-0.47392813107906184
0.5934440415665962
0.28029676710821794
0.08753770784525644
0.37594825613788424
0.10590999998367
0.0973230781721328
0.08930634110026549
0.04015385390231485
0.12229302249309318
-0.6281405607863247
-0.07563896857371809
-0.12268083646106845
0.7266900227863163
0.12863496949958045
0.425458216418714
0.11318671712112417
0.4635669310368599
-0.08145948250190757
0.057796340971490064
-0.06211026599396803
-0.07688802922533182
-0.10023631894929862
-0.8091815932665845
0.11528058348469353
-0.36617904626157816
0.6270670958733835
-0.09693480027138517
0.0024780528102585214
0.10378189130566434
0.5551910201468997
0.08686222018879522
-0.22939663565069338
0.12901038146117608
0.47683895021991085
-0.4257491805426451
0.10553900671388611
-0.005938560399096238
0.4154064085387036
-0.35050397864375166
0.35941411475338014
0.12151755791999425
-0.11954944968854707
-0.036205224351701516
0.05049943963585931
0.4189441567353054
0.05948112300299446
-0.3849747255512191
-0.10902031297832314
-0.46282677242173176
-0.05422719279605061
-0.6370835580728609
0.07943380341074427
0.576604452759048
0.328968721773419
0.4859946597275987
0.005229668967958344
0.38965162960745836
0.06687679269201385
0.03268342886630464
0.3658743687077432
-0.4467220215805169
-0.5346872803330798
-0.0036367374553700964
-0.35455445072674513
-0.5254409336214642
-0.5828972843576614
-0.07996879610837564
-0.44237817494382015
-0.23343498048887715
-0.025521997377133187
0.055260575201748735
0.030865819732722306
-0.007806900409152361
0.0526616361546011
-0.08948290805909619
-0.00815888875451933
-0.06667293329222256
-0.3551327425769467
-0.4620538729497467
-0.6886615432570853
-1.1830752198690286
0.46590694283099404
-0.2910754318778263
-0.27573567953757183
-0.02279313046197493
-0.08310580455104151
0.06954419802036492
0.041865212864488716
0.38233973645189107
-0.31594586237080524
0.3927609689307716
0.46977682033562396
0.04097167218329079
0.06649302789446676
0.34273357780879815
0.1243653565722818
-0.5918841180171942
-0.010690589247301426
0.08013516670697339
0.009502568626982148
0.6788730236964307
0.009030047208567918
0.06789203473534282
-0.5366848029939688
0.2993015140426346
0.047611150424588404
-0.5213597620659044
-0.31038442780572256
-0.2772371601337551
0.011749821468067505
-0.5089762332159462
-0.3762240751134396
-0.07141737781412356
0.06773615444876853
0.1491011877053717
0.08299710531075927
0.04507517796128393
-0.09123923393878274
-0.03301421935355228
-0.1881679321503568
-0.5511875283334692
-0.04644260242894604
-0.21254922460591807
0.4175516680029841
0.37012755299317623
-0.2632474400252915
0.016398359067665305
0.051703850923364124
0.31870391467366727
0.09833162072960676
0.5786671389837463
-0.056565859581802554
-0.02105440789399928
0.5623722561479468
0.15590453563841514
-0.11188575825778319
-0.522107313881607
-0.5305481430115232
0.3951944363468828
-0.01964767664994733
0.12750811421030192
-0.4312619567462093
-0.07504297874342317
0.5144131379064076
0.03339700773372122
0.11480258755065252
0.5691753979774619
-0.0031500720000647276
0.10584080700763425
0.7510232111712869
0.002419232210645178
-0.24181803744034527
0.0652099167499326
0.11012303112291702
-0.3194444666887567
0.00469733630274127
0.2013064624668614
0.035352909941582016
-0.26039164974468487
0.07537551249202215
-0.04134551475362408
0.06997070363185912
-0.23519143056442138
0.05424362214393693
-0.5563691015606586
0.4192598883529631
-0.024305638089300353
-0.10557681135935547
-0.530803018818466
0.3913050656119414
-0.17906167488207028
-0.29774771250550064
0.06642109615880476
-0.47448108969187164
-0.5062066859755733
0.09455795966657157
-0.09281887263215642
-0.5389683618285968
0.12758544106142516
-0.4365726680757142
0.005879098061548039
-0.01702017931549884
-0.28977172980232935
-0.0558036877157957
-0.08080042469312697
0.18911423532242336
-0.10064169469994641
0.5928852784955784
-0.015641842343084425
0.15090585952751234
0.7730850257524527
-0.00010410998841121628
-0.06326511683426447
-0.346182754394246
0.0747477435638136
-0.12297774130992178
0.3711863646883727
0.09523995826812487
0.26740239397202886
-0.009029435470984297
0.3734336234049784
-0.6902776145799694
-0.008750009655282874
0.9551121962496534
-0.7447337175711128
-0.11711036288884374
0.3841216882681135
0.3096103275233943
-0.09420510935627043
-0.06711366210936982
0.055080845884394346
-0.19991816285028177
0.9580877288375589
0.03402588961009367
0.09756063050028695
0.46871246770594227
0.08978280760224086
0.42258511453091646
-0.48546778917932587
-0.04940729375819327
-0.6673673089499091
0.06545020756667135
0.06823877638719174
-0.12009261590283817
0.030387467602359962
0.021679599430235084
-0.04692467405806271
-0.5592260607353042
0.976029404643142
0.30073052370539094
0.08440322738744721
0.07621853372705896
-0.1667358338291762
0.08266743364392401
0.02627181636114557
0.1084706487700903
0.09323382345205392
-0.07902484138531288
-0.038026569632697
0.1295488869710008
0.3439298919575206
0.5917502569987575
-0.06659351618183776
-0.00684053281270379
-0.0021271881627312216
0.46884026287717306
0.051093045170146296
0.06188671854390948
-0.03956869947219661
0.06928120962691435
0.04951597495939977
0.09834994913237734
-0.5016936512392952
-0.06143683703662989
0.018183963478939122
-0.008638982146755052
-0.07654465968884895
0.024220497971527033
-0.06726844252317084
0.8435196000325367
0.023174572677421176
-0.0442587613468279
-0.08456575910730399
0.1738057497847389
-0.5847284919363027
1.3202948701014037
-0.7365312846497118
0.04392640508319097
0.054231843031119824
0.035346719559710055
0.08617122542126221
-0.1233808740450006
0.06346995974113424
-0.06741242665696405
-0.08074258656433647
-0.09297784414947483
-0.6012891413648466
-0.10013844683611677
-0.47608444228740326
-0.24246924523131605
0.1438275394751306
0.01829785668329591
-0.4120199698117832
-0.3396759669406777
-0.07943136495986154
-0.05826586012607395
-0.0400189831006524
0.37384469424047356
0.05587415269075742
-0.3938006298457407
-0.08266357582225722
-0.568458311930847
0.08538353458042186
0.6424299470482739
0.057869308190224844
-0.08452181558795661
0.3884368856625185
0.36094478198227714
0.20268217020752938
-0.4245632548307863
0.028281194947255624
-0.2319772801511164
0.0565483899754456
0.1444915631641176
0.5237175329797021
0.19780289347445149
0.13923127411998565
-0.0124187409579787
0.21570059684832726
-0.12164854984511728
0.07815568840661259
-0.12717333855170554
-0.010181129690002861
0.08448245416980447
-0.1227975338379774
0.4422287066559927
0.3268042505636555
0.4529349435257444
0.06179090027884583
-0.05658788651094514
0.21712179485248775
-0.12320221289801907
-0.1040619352703165
0.7082573831527723
-0.07445218096288202
-0.11892509008006802
0.03822898396161087
0.05779679695870903
0.5564163915625572
-0.30413742189561904
0.9915324413043776
0.42541904977766987
0.07974167735162202
0.41657966854398437
-0.3151550000807569
0.1126067615874361
0.03967695366288083
-0.022034320862502597
0.023330909074472782
-0.029739809958553205
-0.06545069636875661
0.023854087384048556
-0.023328348632567678
-0.028550088302136987
-0.023093559070090232
0.5936525251709364
-0.5153614872254236
-0.42813009692715326
-0.07874950914267256
0.4897297327664338
-0.0405881188798423
0.44887552330852326
-0.41510753526697536
0.2580706854730948
-0.11539971264256325
0.4781019591193186
-1.0337262379462562
-0.49679976577985097
0.21528329902444102
0.30458529946694574
-0.08942948150260638
0.053859877947023266
0.4906291405370888
0.4288632603540268
0.4180450245890102
1.0220158217931044
-0.04960885076417126
0.07295944683959978
0.04597176162909837
0.01882934401427384
-0.2741676891268824
0.41026248491480316
0.5452660638230901
0.014148059493549138
-0.027320396386304926
-0.04933827963586489
0.03886677546422556
-0.2624575963419044
-0.5784861851629195
0.11411138712070754
-0.0050233261166916145
-0.05828162262041779
0.3614269056151211
-0.32893871136035424
0.031290705319335185
0.3437241543750669
0.3332958978521505
-0.013898417097474094
-0.5310114754521195
-0.49235870482655647
-0.1024621339297618
-0.08608983145388631
0.2713816711519073
-0.34625808742870645
-0.07470630328086544
0.6232246295831929
0.5593208952160496
0.08647514682349611
-0.09852309102298615
0.3769269775361573
-0.021607084535264186
-0.020253474906165567
0.4267559104846527
0.4676215538306707
0.051282443987119834
0.04484988542334886
-0.39240777228354407
0.18631817238141057
0.017236045938888497
0.13600790290991346
0.11632031770547684
-0.3185879419263698
0.04329146810744618
-0.519111668460152
0.5249308262081036
-0.45440048098582475
0.21744173798071786
1.1273102705261953
0.5266722977530474
-0.015737703023065337
0.11106641489194724
0.06216434577865783
0.3695890845148203
-0.1671282192476353
0.07256105891211748
0.11988677867473226
-0.16105018873295157
-0.334341594943928
-0.03575363068444546
-0.019794470565703687
-0.45848739484873374
0.46489848144840673
-0.12263639632559388
-0.4526907133330845
0.06540616696751363
0.007889541685350993
0.5329685072251923
-0.008085958343834158
-0.0964252737949592
0.05034954867818809
-0.6201450549358143
0.025394123455661787
-0.7687869565890614
-0.10115741494553397
-1.3313164520615495
0.37451907919343425
0.12554302818872587
0.051519438559908
-0.29760021690805266
-0.2640700895060361
0.36794303643384646
-0.6349223461465868
-0.5900647049056358
-0.046211800642509314
-0.959351820178707
-0.6716423176150815
-0.026433023744489498
-0.009027153543572652
-0.4261975952091965
0.016590513545275378
0.43722829978099526
-0.020355180206231574
-0.060853353098788504
-0.08756570037668429
0.5819855602919619
-0.05500887227847383
-0.40780041699687775
-0.02428172621716827
-0.007762681690595147
-0.15009091657326876
-0.29407625496595635
0.012385830276987753
-0.46057625819027725
0.601079315346275
-0.6956919775516469
0.011547840652271798
-0.12272777779119567
-0.23163257518946767
0.04108739213676761
0.05571038978373746
0.028069004079393466
0.6538707415394321
0.03892457434658296
0.11204190632123875
0.421555235486777
-0.378470008422172
0.10512049678766844
0.30391230745362263
-0.45952596905889537
0.030003930463439944
-0.25970137512812763
-0.06331731346316118
-0.4231385031343427
0.05947631466763339
-0.13796201454897952
-0.058737538776809185
0.08097976040218902
1.1928883962512533
-0.33803564867697466
-0.05130605427934642
0.41053409115881545
0.1211372283015332
-0.40834016698333264
0.08627941431686251
-0.010543188843087558
0.2998045403442458
1.0490665201208254
-0.058216552723825775
-0.06792469384812587
-0.057682608085385195
0.615667011606733
0.4092589261904862
-0.023674383804483543
0.46115195457858765
0.08034617576518596
0.4809678043003307
-0.0434043539521888
0.6082033688402919
-0.11250033129195484
-0.043849853894099074
0.24585762374120385
-0.12202532724707159
0.06349611060860395
0.23429157187612043
-0.09289837241364832
0.12457170205877444
0.08781032170406039
0.07170987907234688
0.19997700088706608
0.3527911974807906
0.37065879001449803
0.10324065631582678
-0.5233470678228812
-0.12027758339261141
-0.08057035511966462
1.015575183492009
0.19020445171761774
0.06487159120908183
0.06636754931878608
-0.6159468296004458
-0.3222447624518568
-0.4312395625543402
0.4763914831509107
-0.1600301102368492
-0.4228563850380446
0.5172881413055614
0.10086986086992628
0.3820665162156857
-0.37019350264067413
-0.02834797432064998
-0.5704149517419517
-0.03940350823730648
-0.4328537723006599
0.0093916864170487
-0.611675069683294
0.01870246633924653
-0.10764036703034713
-0.006313488439243779
-0.28411780188587604
0.021627132050930253
0.5984553306540998
0.48233690320423134
0.05453981002626372
-0.1350293013570849
-0.41880313774653494
0.4456758257492147
0.5483379664452402
0.5040631013967639
0.37358215340231415
-0.07169073320024578
0.7290176840699039
0.040246493976035407
-0.07005353789030536
0.37071374172064864
-0.2067351757100507
0.42774122964713823
-0.4355999185373799
0.18307239513585588
0.3304467679813478
-0.4006868672065114
0.4572397704514331
0.03508962446827643
-0.7116227689119743
0.5550207511823743
0.06391288017085366
-0.3501270012183094
-0.13284432499795407
-0.12721955808760343
0.01465598834378871
0.3735461397143189
-0.8205440305464096
-0.08693487781298431
0.26177386130431957
0.04135884244253239
-0.360666635225027
-0.37869606338103656
-0.04426442151082204
0.44064926918146113
0.03366112059437212
0.07347118906326147
0.0953016500492748
-0.5284786694703403
0.42427956233591657
-0.28623419088258395
0.879721544061221
-0.4211126786534218
-0.05106201780417651
-0.1942421201124544
0.028341698081262388
-0.38097066608876123
-0.0022206136384441627
-0.020337831816804194
-0.2709687054575886
-0.41347409439064503
0.0856391044986588
-0.006382766216809624
-0.03473559050470014
0.5351064969834671
0.33051622127272356
0.26251814060613965
0.06420912620416454
0.022805082839201744
-0.1757071218920358
0.44884098843821857
-0.5319802170862513
-0.007566806885792597
-0.10919882021052534
-0.04954983841930958
0.018855953799255525
-0.025393996856500924
-0.26824265694777294
0.07188460825578058
-0.020099743592857062
-0.39498319444374885
-0.359093833876786
0.05045402184446769
0.009380037619121113
0.36004398242271674
1.2724112493903936
1.225380836087481
-0.010368231985281091
0.5546670487448698
0.10590568610810254
-0.08489146812599653
0.998948706541687
0.5964604266227131
-0.08261202770543245
-0.06072718981996664
-0.026444302929801333
0.8078590514669697
-0.3871139880752563
-0.6092477594115377
-1.1440684890606854
-0.08016007225513001
-0.09639338132239632
-0.8328776019660449
-0.048322844945472766
-0.06548214403458863
-0.409883627436545
-0.048343359997819114
-0.07308428284945474
-0.031125880188162022
-0.9455403130408131
0.4105851032758844
-0.08550668151914095
0.06229335796749043
-0.3861646043346762
0.38207394726512894
0.125305030219695
0.041402347732504764
0.03426039965273607
0.9169478029563073
-0.08548303784795264
0.8995845928646865
0.03553577613109423
-0.3435210146430128
0.11274941923342814
-0.46039371148234104
-0.17956505990603072
-0.04439152867575053
-0.04313283966397892
0.3645626481428514
0.03734580458309837
-0.28025073803731054
0.5374463911103841
0.012056528408402826
-0.09010930525206266
-0.4177151788279418
0.6172284330926651
-0.18327426809171196
-0.7149249648065342
-0.38832456598205184
0.3181576773088607
0.017059499817781786
0.31292718860995844
-0.11988629754236946
-0.4495154357726538
0.3383664832230069
-0.2092655052677236
-0.6785101121046402
-0.6148318045210932
0.3134592756962931
-0.34834525211504597
0.6326668617947819
-0.028826654680614055
0.22681564759227096
-0.3837183992975548
-0.35433865200111103
0.08577145120671023
-0.0002509629713633098
-0.4620775013345202
0.29124898949269906
-0.015013291527701355
0.051281145642674934
0.12797303341198293
0.13917176732513067
0.36063727544462765
-0.10960475545653257
-0.3303843476043578
-0.4406411565652399
-0.5348909069443722
0.48532204426416103
-0.18583336693872454
0.09307245571633059
0.4531029374355205
0.4083846901784903
-0.6324390335925123
0.030827003777572276
-0.30442804596146605
0.6222515887494863
0.47616687219447085
0.09329142956695016
0.07499807934195571
0.3791941695453637
-0.5769710386732808
0.06185477984643155
0.05215123281071091
-0.04468760810015254
0.05108879615287552
-0.014829644456737548
0.12326056083516575
0.3069912668438602
-0.11972895739895333
0.5654142941719319
-0.5455524716979069
0.02035998612632255
0.61631696358653
0.4607066853642535
0.26320599188475463
-0.0344972633606481
0.8790910061876128
0.35605616498594417
-0.1404591576817114
-0.389494933941579
0.0780494930473715
-0.3481969996754889
0.002106273529843266
0.04794347958692008
-0.10989089170592373
-0.036423200502390965
0.5419545968376928
-0.00944623799338162
0.49268076641000985
0.43185452049900835
0.1179417952277628
0.004752596167656076
0.34401787619847723
-0.030969310709122073
0.0391603343723944
0.41488705617411975
-0.1276943319324224
-0.6810505932937843
-0.3530489209899327
0.042416240732936705
-0.4999524514471959
-0.6399947000087826
-0.15170117627321247
-0.42921189798567605
-0.12092581852865801
-0.021641205723275117
-0.12094832689896262
-0.6394068888913363
-0.5640243581903058
0.3562562243547092
0.16516563778890264
-0.5600143086475049
-0.07457672894008947
-0.1681709005732331
0.2832531319609044
0.9885561755157327
-0.03443562075651269
0.35387374557703966
0.09921521858346087
0.31876749562277007
-0.023247543439075657
-0.02871858453355556
-0.07494269200625396
0.014532381875815686
-0.024887832214014333
-0.4685460146948357
0.16266380337243097
0.5225543472425822
0.08614391680355402
-0.32087580556383855
-0.7076146049614216
0.24123237027965722
0.07340033306768033
0.04610097222442896
0.09205737478838082
0.22526487210261634
0.12041662291546758
0.458190201852755
0.356045075393608
-0.05863010393502295
0.43299508808124026
0.012046633722364522
0.10542247888909795
-0.9625922600950517
0.3621172794018828
-0.00038091200096626674
0.031097921771311477
0.04433403083400703
0.7622170568378204
0.0006429567134321417
0.6211120888447215
0.35033886965175753
0.738724554339174
-0.10123492473408642
0.32161522452536045
0.16734680654089612
0.4702066753427994
0.12378269083213257
-0.5190712608959841
0.03310428303555475
0.8913586005911571
-0.43491317467683477
0.034472037618205005
0.778101761501755
0.21414367553840621
0.3731534418568345
0.054758049680425816
0.3248791615673537
1.0320905149828126
0.05492337364736245
0.004204949313259501
0.31384163480945876
0.0644344315938545
-0.019970240690976686
0.06475544632469844
0.09753642789922162
-0.08498677924693661
0.04038869641634282
0.830910795587467
-0.46802404618444404
0.03927943152665249
0.026313546383159966
-0.010443617154239165
0.474288067079652
-0.1303341576565552
0.22312421992097164
-0.07473744966189828
0.12038314766599822
-0.2604906440119074
-0.48403955967787493
0.05171573403220908
-0.05311388035188316
-0.5777003149708027
0.0583918882486344
-0.4354959981907654
-0.8291826193139108
0.02148651979340213
-0.341023104202696
-0.07885367806977318
-0.06622989866701473
0.32479705164304973
0.4433700221734783
0.2251172499860174
0.460228298119203
0.0068886500803787935
0.06480800622958138
0.16536137542315468
-0.7544344473463932
