-0.22756334144178783
-0.46022564006817607
-0.4471458650930806
-0.2041122085742958
0.2295932605088565
1.1349300683735188
-0.2617127829847521
-0.8579803972237752
-1.2047225027009063
0.9380568315813276
0.41938467708878
-0.19563577960210674
-0.504138023045313
-0.7428530484719833
-0.207393759909937
0.29629670210616327
-0.8497267268579655
0.971588318130605
-0.39929219222508067
0.43410818041689936
1.067469579759702
0.4113194497444036
0.3793515532180865
-0.15011631230724018
-0.1912738069060749
0.27313860282039254
-0.13395714251420077
0.8776259489765352
0.6061653034114292
0.30640284308789417
0.866590346199668
0.6114840364811533
0.820326461234392
0.312476912912935
-1.2534485903223629
-0.12157660449716103
0.07053888090565984
-0.14934175953863937
0.27406809195774445
-0.14994957905840173
-0.15031801247307494
0.3596824504253019
-0.13053107836148795
-1.0904163626213923
0.9726866613195871
-0.8521546472574145
0.843362860664628
-0.4831558098424829
-0.2326294784035473
1.0445260050651817
-0.7749184875963251
0.817710066042494
1.2728469838204814
-0.6931612764308548
1.2395315125930975
-0.4946879308550152
-0.4854822315634918
0.852031602999838
0.3922426783964602
-1.2244745104826635
0.7556431761847023
0.24855691615310183
0.269338314626008
0.15171266712645212
0.9529684093375963
0.9802041295315321
0.3094455942443095
0.5499299619107701
-0.8427397835574635
0.3348070539970801
-0.3765885481875401
-0.19218628990447587
-0.14288628501840628
0.32646664282353616
0.40376935379198114
0.3560900358884869
-1.387416985455839
-0.32737548776211783
0.419992912656561
0.28506268102350885
0.4066441050923771
-0.8357133400697173
-0.15878836906727312
1.251614491313572
-0.4607345392968185
0.2976288605252814
-1.435606632387301
-1.3011068047314327
-0.3521419332159299
-0.3658778752912123
-0.955832555973569
-0.2603267233820079
-1.0876410412829598
0.11820460488876407
-0.14586448608117655
-1.1721586080885498
0.24801577074218334
0.5880879105734095
0.5395047045293372
-0.3211304032611455
0.1399669545140918
-1.050971829127278
-0.881312649533547
1.4849139418618928
0.18066893959585484
-0.1086275956992781
0.17956310597421576
0.16778016641086133
0.5821364679799178
0.4533758109283925
-0.3337609567078124
0.1740194088826202
-1.1859474796367917
-0.8813527487895996
0.8078145215772381
0.4899208608247451
-0.369723708820007
-0.41972120496287885
-1.3466810155364435
-0.2195326021401493
-0.34542499098982093
0.5492268021312624
-0.31781707193549485
-0.31083853572946235
0.14461275786708983
1.156461035557194
0.5692373871514207
-1.281573657361341
-0.28266400442110123
-0.1845498142631674
-0.308915743899608
0.05528438660054001
-0.2959043577893336
0.1418086075680078
-0.2396112982617791
-0.38741966431129854
1.132965945676179
-0.48376695673800285
-0.5282544772923189
-0.3364309424112995
0.6307796730536747
-0.7259758758794423
-0.29071971557832105
1.5391305441726628
0.1908175141890691
0.141755943947459
0.5023333799792057
-0.9789203822521055
0.23017585477974803
0.5064386457333458
0.5188338897138992
-0.26463654987867724
-0.39061454952319596
0.15330204654381163
0.5067161291234797
-0.4196424537466737
0.17103789380243256
-1.0584438229025002
0.7582888477061283
-0.35252985636610545
-0.7465771403881557
-1.28221191454407
0.15629862044994122
-0.60193746893214
0.16042091852583157
0.20763159163364617
-0.8357505172103674
-0.7667345476289104
-1.2978621935612764
0.5803297556749131
0.1409893228673777
-0.35176061013652304
0.4892214214272021
1.1666917178070888
0.976250514840288
0.31478614869433424
0.5201464914931669
0.3161271679534088
0.29568376546094055
-0.922901735844974
0.44600840411672094
0.017223556329878452
0.3183015157485903
-0.5832797272200444
-0.15635832457515028
-0.13277729811775799
0.9132236529544249
-0.4543047596499697
-0.10447755600866533
-0.7424594156515726
-0.038525907935116926
-0.7938914757838603
0.7838530990468983
-0.609675046938104
0.2507084542880358
0.996186362046517
-0.047314998915435474
0.3809000963179548
-1.2606347672299556
-0.03332594157495393
0.7616751136677218
-0.5366727435724379
0.34320441346947217
1.0722122139317152
-0.070717651296784
0.5335743943884633
-0.1050427657584701
0.3589806533277447
0.3529742867953595
-0.38971020723199756
0.30271920679162373
-0.485383774459772
-0.6549455032843933
0.32254163713556133
-0.16910818555685753
-0.9877054654238056
-0.4571268050321462
-1.2835021727646971
-0.24346060900751026
-1.5388734239944926
-0.06145549040936355
0.3808611198695857
1.1626907325998406
0.6544508142946808
-0.13926857108570725
0.7083543345715277
0.40861421572712275
0.24512557488719827
-0.1798264546103379
-0.8270093114723905
-0.20595535484026112
1.4324398703837362
-0.17690007427235346
0.9535699516702568
0.37034536060226
-0.13458525793032675
-0.874914862371803
-0.157539213865496
0.33110141972184837
0.36528189565264674
-0.19499722984702686
0.9610832353358487
-0.5390997786144284
-0.8088208658852793
0.38935771126275903
-0.7906977620273777
-0.5046431093957265
0.41291705453126126
-0.7896677557014575
-0.8464030342903851
1.0282859128584065
0.2828959333461272
0.5461146910091598
0.2649115495440321
1.1073082551337288
-0.10210180171190107
0.280586133771178
0.3209337108211026
0.37738631123027183
-0.4881218039242786
-0.19523537321101087
0.31677920553403754
-0.4641352418037776
-0.48561533812049096
0.475633260787935
0.4139591468418116
0.15597466766142387
0.16093327497114876
-0.513810813106509
-0.2593296367410066
0.20029986410325398
0.13248559044875127
0.16861178435710342
0.48942791598605534
0.8537204200624396
0.15701860638781207
-0.3014863181116312
-1.4518170709754428
-0.24427909743624543
0.14379710148582528
0.15521520964159385
0.1494931162688441
0.8845083884368415
0.5164581774943418
-0.6304365654729871
-0.20627408000671865
0.1464809680959456
0.4378975487120364
0.0631354539763961
-0.2427896526984888
-0.45007708143880193
0.17107079878832543
-0.7455777959692123
0.4060366766334438
-0.8560129678455163
0.12578903593743884
0.8548713884653265
0.4102017533961626
0.12238405513814693
-0.3292787617428453
-0.4115044535155298
0.14331229457648692
-0.6539464028916352
0.4616781494905539
0.175670448166751
0.14464120320737225
-0.29351886718580084
-0.196347622045092
0.14952995398417873
1.3134978745888772
-0.3320578285615264
-0.4190586335915002
0.15071654947284827
-0.7504247968128297
-1.0381787684669268
1.22883377608194
0.40786498713108804
-0.08330440892803148
0.1575700803884734
-0.35729061004781326
0.5011603574541621
-0.7343902378531625
-0.3093608570206169
0.17869958369694966
-0.9835302432201951
-0.19022554882411108
-1.1733487813883368
-1.4714325983791219
0.19813667319236705
0.8071798757002369
0.0315974714215483
0.8744351989242708
-0.7876589067810653
0.5082783458457003
-0.4039611731924762
0.9136014649009653
-0.4106418305151205
0.5446278713901532
-0.3275128155117471
-0.9482890387967773
-0.3560289517480146
-1.0086712367422226
-0.799387943842726
0.5199147885880968
0.8342193081291167
0.5317605633104107
-1.1857910761945571
0.16910688203041643
-0.36821071409621
-0.3503374720843488
0.17807707311283752
0.32834971194165563
0.8158787198956409
0.8568756344115808
0.3298481878061878
-0.20702776077138205
1.01731826194066
1.2165878408265642
0.13938421419379596
-0.5005874573598916
-0.9925183110682112
0.2763239921706691
0.42272432291884254
-0.9103724956949013
-0.1470663008578173
0.3609356268840555
0.14444626690997445
1.2571828939484744
0.5949537357664023
1.252619578083314
-0.21159375022314797
-0.499813120017023
0.2961108605486849
1.2716906829576546
0.06399537325379293
-0.45859398808108875
-0.871312223480901
0.3999679758012415
-0.3269111367961786
0.15169816375571007
0.4576988170906201
-0.12952588139635607
-0.7761745713060577
-0.29156578003419026
1.2509985646491322
-0.12791282224008174
1.5438230598335756
-0.8040013378987294
-0.5319113407566286
1.3284585784378329
0.30612637959518557
-0.5735345130725369
0.42047518383873983
0.24764572462352263
0.8548680206644491
0.22269103315039565
0.6541332706930026
-0.14416315764497617
0.2791728782996392
-0.0845617109299843
-0.8862221219466209
-0.38485375997802007
-0.5114515543748946
-0.42865048988623067
0.26760656814746014
1.0136654487686452
-0.5402231254661284
0.9796871247770038
1.2262724360370432
0.02722393056031847
-0.1854081494443825
-0.5726021531480263
1.046293334457566
-0.19564301123785482
0.2691443922586333
1.0040302120313624
-0.13746145864798545
0.3310999639243448
0.9348307627278032
-0.5485912862324286
0.2258063209009811
-0.19054482813680457
0.31049668961021243
-0.12681567593598617
-0.5426684097462723
-0.8289980923771545
0.30917306245276915
-0.13011711673417076
0.30881807617736107
-0.0898279643533991
-1.2628418041818463
-0.44941588540543426
-0.5204971286176819
-0.8519204295128323
1.2109216707188069
-0.8215615415526342
-0.9737064697118112
0.1617236484588173
0.19742866638482476
-0.3206083158528682
0.48199595916535937
0.5396794972804876
-0.2465810502292931
-0.933496534307589
-0.8583878752430629
-0.14290270046937165
0.21611064451656867
0.34529629845134685
0.8065874782106485
-0.29245809729852934
0.0499224274763116
1.405503821705004
0.14092591641244975
-0.2799070521161699
-0.2740772529031398
0.1273731088962569
-0.03515593364663791
-0.29964328763987785
0.4991810826883525
0.1969894956752192
-0.9285987870757045
-0.48463379860809663
-0.25169862273698834
-0.39027504271725905
-0.49931376531651084
-0.3403746828227285
-0.5636006675729851
-0.713384970942054
-1.1934150556935452
0.532030523695538
0.8061136943830165
-0.028731504067884873
1.2843829817067036
0.5149806287541107
-0.7074807711335123
0.2018734261863687
0.16207974037579193
-0.9012929885637668
-0.9354742254823009
0.49187821969427625
-1.0792776989383501
-1.1128320320790377
-0.7369696074750812
-0.4212778316613083
0.16935570970835986
-0.2632371261552449
0.1689185328608111
0.3556238213432466
-0.3175427463803901
0.14756253956120635
-0.28372356219707423
0.1760802925610716
-0.90291625490548
0.14363407759294547
-0.2547612379652209
-1.1393470929384553
-0.318454539614942
0.8913304951683485
0.13056028449806717
0.04110022016657096
0.5082830759199835
-0.3741734165618646
0.832537459227398
0.09768991791713111
0.1517202808198322
-0.27796620294706587
-0.8723962918133552
0.559846872566801
0.07569062236585725
-0.8425904812971913
0.901094365228531
0.616758145236316
-0.15896783552421925
0.4907021175899089
0.42781187896557715
0.3158109026534601
0.7967169941312314
-0.5088863496194735
-0.21396362880270056
-0.19806951589396357
0.720429936087351
1.075808288260821
0.2894928324326925
-0.12241400143343087
0.3031625139418703
-0.7357959836712294
0.4768133580314233
1.14251303393684
-0.49170159623774
-0.05119573942145914
-0.730748102236716
0.5093665986708915
-0.22302824205666413
-0.17794246280659395
0.8950710285777422
0.227932298887519
-0.18118324779525016
0.02795133877630098
-0.17093687180430425
-0.10347207650929059
0.7154225122244751
0.3555874444432319
0.2659681253639396
1.5321650576826291
0.3399058271650833
-0.793904695829689
0.31825508183572254
0.26230816202077073
0.44865952127620745
0.4953328500876476
-0.7928505915273879
0.22457966599298568
0.34230827967742533
-0.4929238341247189
0.34476766378839196
-0.12298053071339969
0.300468144182835
-0.1779751252029716
1.0903890870482302
0.39399413922304005
0.4294750446745194
0.37017268998653136
-1.2723886394727175
0.3565988398616374
-0.5694089994998298
0.07243419748325083
-0.5163527944308491
-1.355139216756746
0.29761032327050824
0.9690646505236004
1.0559635887012282
1.3688765265036145
-0.1375802929236964
0.5703491291772229
-0.08940334533259806
-0.563392129438725
-0.11921502190354669
0.3644260591164037
0.30090774583269836
0.34160563159209006
-0.5613558557991785
0.32411887321026667
1.0055612619607497
1.23309361198827
-1.2643903352358
0.29715578370938583
-0.17651306139578216
0.3897167566246365
0.3547399159317181
-0.1538337714609903
-0.15001329604388602
0.2924061816086641
0.3164893317240509
0.3086294098482193
-0.13825877106251563
-0.09148426882349048
0.3463241974122249
1.2311837795208576
0.5031130036109716
-0.8718300381738425
-1.1938116238009635
-0.6798514565440428
0.801963662638903
-0.2233018245938132
-1.4450442381703523
0.16514348669872642
-0.06314374551500293
-0.2685525617476136
-0.2622260634150272
0.17985231709924468
-0.36698895922423075
-1.4554296152934436
0.5496029399019512
-0.692499498621647
-0.30977303004687556
-0.3126219942627784
-0.252959230694274
0.187300898789592
0.07879014110996325
0.14647859144475056
0.4499721996650668
-0.4557984023299376
0.13635147804476064
1.2224362937935842
0.17356403540109083
-0.2892317011547372
0.13297683669470606
0.18217435137417645
0.031984316629520095
-0.36966111518838485
0.5200441972711686
-0.9019834124656593
0.2099676709911365
0.795388146149239
-0.9788806276005888
0.16402853483617713
-0.298472665282816
-0.8422223126718531
0.5657867485400957
-0.6112999159919482
0.5408887051675183
0.1627640514398856
-0.6826922601765661
-0.9895463468041681
0.4828070479414877
0.9015078062550501
1.135476021031065
1.5627279342201401
-1.1669514260123866
-0.42861439419213127
0.8080879297554132
0.14926423098624475
1.4853798514544776
0.21445520021665163
0.467572262424865
0.6680318869497452
-0.5132062179731753
-1.0753942902607483
-0.3450694551417069
0.48626001256052465
-0.3062373118579029
0.14806108436091778
-1.0898136771647438
-0.32554124394822626
-0.28993527497818805
0.5038907125442156
0.17929934248198198
-0.2695520483953524
-0.22233029254674716
-0.21798410145636882
-0.28547867812981054
0.9155815012285861
-0.32436476611190407
-0.8283836800180102
-0.49169454667772755
-0.007978326604741766
0.34822654371608386
-0.2811413099265194
0.1428617839606786
0.11986225617489965
-0.9334363992912242
0.21864708628758606
0.10700740741646916
0.3384974166236608
