-0.9266247242723239
0.3112448227716856
-0.09176744563465525
0.2853248354099365
0.4481616673742076
-0.1586851512238434
-0.15786492604880187
0.7879568836278908
0.47693294693627
0.07531356490382074
0.32044345483694925
1.2626921290003468
0.09774136127600956
0.44219026404951184
0.050749641834552855
0.7400977128856029
0.9330348623420459
0.07095996386825416
-0.521624953078948
1.2374981108033296
-0.8298722958123623
0.09721419130178129
1.0120154859242714
-0.25399519686404043
-0.8486107905304954
-0.1698962443873899
-0.17855093358253224
0.32082497038159813
-0.9246731685239696
-0.5491099845718646
0.6482310216264453
-0.516844426335183
0.32537305689742135
0.465256178444093
-0.8699631020576785
0.5356626304229027
-0.13635738916197795
0.9627304239364939
0.5568867955078397
-1.298492522157268
0.9399462044972574
1.185957348213594
0.32431224366509553
-0.065767111296558
-0.17857987759580793
0.31686260239317166
-0.1353966914947738
-0.14957819845271983
-0.8660576886243458
-0.5645138413879999
1.2350721686172954
0.3243685180186711
-0.5215116503766111
0.4268615338258799
0.4884393703394322
-0.13553627640352536
0.46083152896175245
0.008820508273170243
1.0353824138885
-0.4945309937197078
-0.08840289485683014
-0.5147082790109587
0.5278588539695946
0.6412039852342142
-0.005229353947077065
0.619235624897925
0.7188010484463223
0.4904319965017887
-0.828540363926147
0.31582167410718054
-0.5283635459442655
-0.8402336494536058
0.10539293426758536
0.6551848817305748
0.3604231648349324
0.3727967867186244
-0.5383842219864624
-0.529824693863442
0.322497463330829
1.1211331670155653
0.4097606517246935
-0.4807187811898755
-0.8841102343565491
0.9125906730577655
1.1454238829400414
0.38557587100829666
-0.12862700278216632
-0.5196212608075087
-0.1978315748551734
-0.13769894065938282
0.32862708917473377
0.17367399090348046
0.19243213615396082
0.4154916578397817
0.11885622460599342
0.52173727112795
-0.3194732093434883
-0.44151478506061176
-0.3015289110701543
-0.926696407395689
0.5123464940054027
0.15813835000966786
-1.3118278762804596
0.502826067463808
-0.076571443693022
-0.2897495314598629
0.21260411457167364
-0.8790769276879208
0.48391689584509295
-0.12987907516170705
0.21920888786920917
0.45282842294346337
-1.281786508061134
-0.8808471224179186
-1.0519125353160157
-1.1205823829544603
-0.5692113432298549
-0.060411080292232605
-0.869807668574559
-0.1965784837492863
0.5214657302604212
-0.378895136987285
0.1163897101197291
-0.7559296357459986
-0.37708605344678503
-0.3761596398735526
-0.521059512164029
-0.8277246613825973
0.4794065914377751
-0.5642120292347294
-0.3919492615047159
0.5108013435077752
0.9013042685706654
-0.07704425592626916
-0.18718806844948183
-0.9943003929067105
0.16997538672424328
-0.3604952533453867
-0.9395671538469715
-1.0530894766362155
0.8793040649784442
0.09841280132444023
-0.02685489875378405
-0.4143863804668216
-0.2123646610265569
0.100959077737489
0.5293520890502144
-0.2622874925861765
0.4768548087718915
-1.2937480342476844
-0.40718890269351626
-1.2656413292701996
-0.25932411933891064
-0.5697702689537955
0.5773126705502719
-1.2387446919463816
0.4776201304800747
0.017050427533618163
-1.4827261144679906
-0.0026315171781586605
-0.29964927357006305
0.3252179200844198
-0.986964055342184
-0.8575630633117344
0.18966063243442924
0.4738774266368444
-1.0253072529363743
-1.0812453695753503
-0.25669750594595386
-0.31646612912263006
-0.29369939002517853
-0.7452137340330826
-1.0609296055279085
-0.8777207557034495
0.4782148831377139
-0.3612058703953924
-0.14768742430689508
0.4794866975328468
-1.2450998306118835
-0.7491802071263294
1.051000743002283
-0.906945881986463
0.5287125205402556
-0.8726189524460872
-0.7734901226631913
1.1507911005895386
-1.2807337019248228
0.5549244304401008
1.042424829469607
-0.8805541945109592
0.3039402422500463
0.4534365796437366
-0.43570470901175995
0.4873619278706004
0.3537100019744947
-0.5288109696699146
-0.5256909214595398
0.09331432015033994
0.33006677933336315
0.5398500380611381
-0.09815052950354156
1.0256291046353225
-0.0626227467476292
0.30221930815347403
-0.08799945732556665
-0.4745642203128527
-0.808821016898008
0.26777293285781795
0.43234650552517084
0.3454784309126461
0.6118535535255359
0.2879230705509157
-0.016997333751716255
-0.2501885162002572
-0.5025005279145713
0.7720615717951161
0.314685496457491
0.33304450360062815
-0.8779288107658069
-0.07670664386984627
0.591692387049994
-0.2545640326480637
-0.11808875667317573
1.2082140504760401
-0.8265084967968273
-0.8687377181737145
-0.889233721003387
-0.531408429230611
-0.5121402527943668
0.4039271962856843
1.0297775466415546
0.3522829347597098
1.0088837936211021
-0.13233369697350308
0.25625559536291304
-0.12457408315231747
-0.07835869552612564
-0.1587269189805189
-0.00014676250930223427
-0.8656882986785861
-0.48177979601077536
0.7841830024517666
1.0268878168763016
0.28194483493572475
-0.9134172886441061
-0.5256756919217521
-0.9382140828049065
-0.10677000719670995
0.41845642266833477
-0.5304873928732031
-0.5191422823743259
-0.11808230458312091
-0.6552410244408762
0.43648505789679926
0.2541258217652886
0.5208129373732189
0.43680480129257465
0.8699289416056201
-0.24187421622897756
-1.2645025876524938
-0.5397924910922768
0.08843807303694971
0.32283513947966613
-0.15943570030588108
0.8203914620989853
-0.1347471843754743
-0.13537629848778968
0.36850767141171015
-0.15075194104555958
0.4707513715354822
0.07775708807194259
0.10752457446248387
-0.12305419006391721
0.17249460388108362
-0.904015229207619
-1.047322053431465
0.5308030964970409
0.49633594200115716
-0.38247077019967646
-0.31046657017041096
-0.7149297178496063
-0.48730339545656826
0.11542069069853685
0.5243734117341654
-0.28753937700856297
-0.803734420700913
-0.48410431660543624
-0.8184437973253278
-0.7140834732409285
-1.0395315058088672
0.19228274825777286
-0.1554419389960617
0.000611469569515033
-0.3285086212977766
0.15592911562154416
0.8757213207759357
-1.0434338584825416
0.5348492008137953
0.12885983405232368
-0.14110632285826716
-0.5308843937740222
-0.33173354169840835
-0.2988862941803655
-0.8297700581347872
0.8849159619313015
-0.371960254445975
0.1455745405258867
0.9271325545728143
1.3372357377513093
0.4781575603784701
-1.0249394573080435
-0.22935812394132074
-0.42164277135362016
-0.6175589961049073
-0.27418845101303757
0.13383307655348864
-0.4673930068420648
-0.38463920960780057
0.8302888792057953
0.8772570051694772
0.150377577827926
0.1096296638170682
0.9903195827469683
-0.26369148502289597
-0.430510917627026
0.0568890292554894
-0.3810408553359479
0.15381030229964093
-0.1486738986980794
0.4801334447728283
-0.3043272726512477
0.1834621638252076
-1.4019256129896023
0.07387988611363044
-1.1252185331307805
-1.4662900234898026
0.13278489421491657
-0.7239083124334955
0.1769013830899793
0.1405235485599964
0.05667642967036902
1.2663096994901324
-0.007608725970410247
0.5356996356868035
0.8747204849854617
-0.2765967473395981
-0.33623889190219014
-0.3631614906331241
-1.1602311203313127
0.18887691430032436
0.4840629824927467
-1.0630207371123885
-0.36993942595217194
-0.9950878021044024
-0.5135614220243859
0.05114345445243695
-0.32372119004374045
0.8280428865570267
-0.05302461395137416
0.10780049009557005
0.038195965298193586
-1.14132693073717
1.2263516423508083
-0.42982746668692273
0.7601481588861354
-0.8736783595305047
0.4471926276394544
0.8946589590543663
-0.11656058770822318
-0.425308419233525
0.9484173014255027
-0.12508409898615755
0.5639086936996593
-0.46622221745864334
0.33142614159055567
-0.16849945677250103
0.2285812858967699
0.2622085401010496
0.6936814667474598
0.14915381882039594
-0.8375644355243839
0.40186038613523833
-0.13376331790921264
0.20946743634949208
0.005331303592283438
0.425577991454281
0.7349920626961998
0.41588138707886424
0.4809455905464152
1.4392668941868707
-0.5238197891057045
-0.2743117880875698
0.41363394322003255
1.3472848132141932
0.49254763193671924
-0.4829793098867069
-0.1639645984052739
-0.15284388010247954
-0.8443283047325777
0.2610013589814383
-0.8603667119320554
-0.5362349081006986
-0.08671084783513548
-0.47837937571249034
0.22621448837190752
0.33542059420522025
-0.09793194278785418
1.0174742531004881
0.2375594162480024
-0.5270145884401641
-0.525946303223219
1.1769347099149774
-0.13823435197278608
0.32295634725752226
0.3268689212495974
-0.14180353654407837
-0.41648704300526473
0.27463474225671064
1.4589426855334682
1.2299926152674343
-0.010767201596537516
1.0459457151273728
1.3107600525079037
0.9335638749089543
0.17917817198565408
0.7953511455865846
0.38171318224506107
0.2939003405511055
0.3335793153632818
-0.04688328015001345
-0.8424336097049904
-0.01711143164527187
0.012445499294241791
0.9103160394814162
-0.5933277302942144
0.32860223932064214
-0.9015684942752996
-0.09025401498881085
-0.8800330804402041
-0.535757234400891
1.076655146755628
-0.5236493153677361
0.259016079442771
0.3425424424897298
-0.5331760170736639
0.27488806825723394
0.22640513383683358
-0.14194517070907237
1.3931016774162686
0.30883024899017114
-0.08794399401149862
0.3210179181063022
0.08461445359578293
-1.0558054219206945
-0.31422754470391606
0.112659946290357
-0.5508159173587635
-0.30043031334755926
-0.9980318520670945
-0.5648731339182398
-0.7558527988223676
0.034912698870642155
-0.48407923559320193
-0.23909989182921834
0.18802810620694144
-0.3541142023239764
-1.010690475320411
0.45689860696486595
-1.3630981015155452
0.13070618273119375
-1.493817201967251
0.4861237422307512
-0.4131627729584622
0.15442341823377712
-0.352049967446111
1.5414462261262922
-1.2417867942650855
0.5219881436618267
0.2559117619973462
0.5287479255818109
1.2034548210938292
-1.1329230106064543
-0.1108980080732053
-0.5034198541571526
0.47358257206548937
-1.2712135621805245
-0.3212820494352243
0.10294288899352864
-0.37206402511191733
0.14239571034203882
0.14022884074479436
-0.9958144298527245
-1.0230113557300702
0.14212338273386074
0.1534362916701158
0.5313946208149336
0.5377670734145773
-0.663924909010726
0.16007327665044874
-1.5435267961697399
0.4795484256866369
0.16641791898525143
0.15584029302248753
-1.32149618108739
-0.75551002917535
-0.3694447709284054
-0.05879596759882398
-0.4587626884016936
-0.3883708081499603
0.0373221670487495
0.0793481287300518
-1.4682382151229372
1.1766198568078934
-0.9938524362843896
-0.38515499477719184
0.3427894127655081
-0.4039031349188537
0.639236176901367
-0.3457855803754085
-1.1444920361434252
0.5188270118621076
-0.14956861968526008
-0.03236603114933698
0.8841846106554123
-0.4182634587286568
0.8170688873574055
0.17245767553333335
0.08010473961842131
-1.3861497690755729
0.09227526628009228
1.1220359984005686
0.6194675865037758
-0.1570232045927959
-0.6486779174486049
-0.7321898298524078
0.8703281275747099
0.1959388721711418
0.508997239079684
0.4851280048745104
-0.20637084995854618
-0.15699600560722754
0.07405644293576301
-0.3539582613536375
-0.17718245160787
-1.4573286166396415
-0.3417664461540155
0.6641397619778822
0.3847571219564746
0.36894528463066056
0.23170758690036444
0.4427678159235495
1.2677518247827593
0.3421327540486721
-0.5140291132481131
0.5819710938461738
-0.830332781170416
0.20509668054553162
-0.1373146413640948
-0.46103458458411606
-0.2794752077493129
-0.8680851134758615
-0.09194069633689939
0.39821871741072346
-0.1484117281629757
0.7206490662338492
0.9311759706772167
0.32961022494545394
0.05177278466494429
0.7751608317812129
0.14093253464306052
0.3676712747855364
0.3689105033575191
0.7582897427788406
0.37663800803749736
0.2478660496313852
-0.12722108816387076
-0.12822118520885817
-0.047880752406210404
-0.028621532767889438
-0.14025048190135697
-1.2859323402601772
-0.09610490491381966
1.334124186828159
0.3034335312936869
0.4183758089175625
1.0829243617300541
-0.07359690390749601
0.7210378135969421
-0.09494372371099602
-0.13813831647709013
-0.09491050669064531
0.8361544153354505
-0.13732728633792374
-0.4813022319009201
0.326505354913753
0.3291992138435493
-0.0162653514918332
-0.3255420343408911
1.0033336322732551
-0.5612363929594107
0.4031693823779702
0.4447603821598366
0.7924259902638222
0.8393918475443601
-0.5377250726446868
-0.1010329621020007
-0.5348620606084399
-0.8792823347587277
-0.5389092339898229
1.2458921634310915
-0.04042128807312987
0.8625683885438741
-0.12636443023742233
-0.16724981531762284
-0.833396508609748
0.5167323049592103
0.34288781380730254
0.8687982685343032
0.501378330807046
0.7168968087939585
-0.7908992127674613
0.7501977308639036
-0.478850742856982
1.1999690449533253
0.24478891702292244
0.2700410200684513
0.8481950064933438
-0.2125210984681754
-0.14120830545812876
-0.15659103857428122
0.4696515997057724
1.1097987855157079
0.0800220503376274
0.2504311721412014
0.7520757033997815
0.7162902539887342
0.2607157743255355
0.48391578023858034
0.7442548358401394
1.4159946936019023
0.08885346931846144
0.11576181796597948
0.25590134650889573
-0.64967669290532
-0.31918028989322267
-0.8721018643532256
-1.0753131233778515
-0.2865442924766649
0.8616755737443987
0.09865117855973658
-0.8616100410794554
0.11395623604594571
-0.37955462450500477
-0.3213978719070672
-0.7386064300072578
-0.19774659901876035
-0.9003992242006469
0.4490961457115106
0.4772621605192501
0.5006380137119649
-0.31896396375011865
-0.39677387485485216
-1.2703719752325389
0.89260568316621
-0.005288211126353054
-1.0599842285483172
0.16339063103629112
-0.4573193123386751
0.17501624439202504
-0.9532854116350964
0.12044911037799033
0.7159810403403671
0.19070936192782845
0.09601842451159279
0.33001136660001357
0.12336526069533585
-0.2988416639400454
-0.3912713336605217
0.10201922219357262
0.31682776516449207
0.119380907692878
0.8798406723036355
0.09059138399369715
-0.40834943150356245
0.11092268997700476
-0.29516040854203063
-0.4119212171605044
-0.8371602426926185
0.540418628697299
0.2359444284020473
0.5378515478270769
0.08050196810423595
0.5208307723843987
-0.250320339927211
-1.380755153161744
1.13535289050633
-0.008956423143750033
0.5370691643959754
-0.2811916330703072
0.8750341182689423
-0.3603322673723946
-0.02576552205548282
-1.205713862705515
-0.7525537138269454
-0.7311582629641613
-0.24918633187713868
-0.8489849633122479
-0.25067030453417155
0.09632814970083951
-0.004492191590773319
-0.3909454375868867
-0.28704979083339605
0.834037677658667
-0.5926764332457145
-0.20875076455806738
-0.5237041694725968
-0.6253272233758413
-0.5009812262098524
0.6696733445058263
0.4256668470553732
-0.28023373338842966
0.11962360678466973
0.034569528017226826
-0.0039895247335091115
0.047870240744339904
0.334557988515533
0.31779525286770705
-0.8787025062791016
-0.0980311111020598
0.8358609335824577
-0.11122780542839335
0.050821934911105815
-0.01619762485694744
0.971411254608672
0.1749496660171628
1.4958560000102996
-0.504779082319497
1.3907866566226494
1.0369133336273209
-0.12141966720010021
-0.5273771321905659
0.3111896152749136
0.8741127289940321
0.7940304401335395
-0.8268645101976977
-0.10555438960439863
-0.1164432073845452
-0.5348016646222562
-0.5303407670505049
0.03012125352908436
0.2332553223967696
0.30128528745512895
0.33347873170005576
0.3206497080213552
0.29127475976471867
0.24804174093048406
-0.007309315349982095
0.5117853236480738
0.7098086817533275
-0.876163609983441
-0.1518975064801018
0.20392596498124604
0.6467459191617442
0.37078359586025295
1.0682613669885
0.08656662474308952
0.7313873369199481
-0.7106157864052063
0.2524301999150415
-0.27584995508804216
-0.13185644097437318
-0.5223556316713327
0.4609566723427933
1.0452196990625353
-0.8580660814365996
0.3624578637633562
0.3396488944184483
-0.5046016623934078
0.2810024216784169
0.6699328614028373
-0.43076108762819426
0.7197770172181606
-0.10428895430736035
0.5599331782843064
0.5804074564822705
-1.447569709489346
0.7100214646626031
0.32910456386542514
0.3389423751388942
0.4141369687042662
0.24972324232474402
-0.14579616859723293
-0.5117225699340335
-0.025130324598102608
-0.1288543825771569
-0.11260916488528065
0.2360871930798413
1.094244956910383
1.2913877195934795
-0.5159459447373472
-0.12990225109826706
1.4051407843368675
0.35118913059298024
-0.5311474412625522
-0.10589285813760274
0.32992648947640885
1.0003090612810364
1.0152866716983515
0.39096389534009784
-0.09890324328067279
-1.1155864070015435
0.2395555663610345
0.3858930663076987
0.09095932966360643
0.858624442704437
0.1558525723322699
0.5013285704679423
-0.766482645627508
-0.7484952989587264
0.07110748052786275
0.8405137468535937
-1.2897444120752208
-0.719877000472694
1.190545282470436
-0.43701563674853416
-0.9443084460312833
0.28819224872714166
-0.4243176626546562
0.7451369808363383
0.8845245067004256
0.14372106516162542
-1.1588920684896238
0.5269206479321563
0.5253536526486997
-0.6778825447577898
0.08277538597394653
-0.73443611637292
-0.3048187216275394
0.5016627517253327
-0.3586364355776754
-0.4675517358606597
-0.06828527073248797
-0.7380905390635895
-0.31424796003350003
0.509724414705047
-0.46573818793644695
0.17548736184862418
-0.40197517317742404
-1.2377730262681226
0.11248845120444508
-0.7650263054857928
0.5388445838387801
-1.0098688177902735
0.5347664697802822
0.23560410105794574
-0.24794930450045552
0.5181144695198555
-0.22962293673650452
-0.31877287065195753
0.5239876787222574
-0.437958369255071
-0.35594335655743864
0.05003598603494911
-0.9739497945518261
0.11721611659313863
0.5126704676570457
-0.9641536692517377
-0.8789156709432264
-0.3936857970648807
0.09917645953365686
-0.7751338783321613
-0.33807578459649135
-0.3729165618506842
-0.3816782615590361
-0.35583701549732333
-0.653950001989091
0.11705850320334754
0.5136451817407123
-0.7718141272964663
-0.9750744663464854
-0.5584565156763559
0.09639364868361967
0.016325645523523433
-0.5230187483005626
-1.2504230478094873
0.8674884302840117
0.82491431932347
0.8825200128322491
1.149179606522428
1.3442859813954324
0.5385983504429859
0.06524828478343532
0.5406815307234141
0.12921936138535028
-1.084109427655184
-0.5852311067091789
-0.7436147075166681
-0.9471614575233913
-1.170269358858298
-1.118026933630976
-0.2145395407919414
-1.2802999033134679
-0.20843396725461003
1.4630824727512812
