-0.03329266273574563
-0.035821824346299595
-0.2518498393931792
-0.14469504548854875
-0.07010370243181889
0.25153324980376895
0.6202342572541385
-0.11546386615760604
0.14748695533885736
-0.17923281455146572
-0.034607215700511625
-0.16576369987210407
-0.22541190689277824
0.24402848322734194
0.37321303632482955
0.290811282502644
-0.5141594321142275
0.04938823516410094
0.15631428224374516
-0.0944042825160451
-0.001997794998218104
0.08210800135120028
0.16155375805372876
-0.0684940888353897
0.6730515995131574
0.28565575059102083
-0.06172215232487554
0.1330066041635727
0.24180915070847186
-0.13270421241390473
0.19644222346202247
0.12263008246495173
0.3078606582959961
-0.1607168524074571
-0.04319298835069222
0.2699540544571687
0.11545605141857836
0.2337656882948134
0.22414216616890448
0.2635908590755892
-0.25094721393631725
-0.2532716196867718
-0.554916977539698
-0.09692399336176571
-0.0576026617081799
-0.09084114519050011
-0.08371976978591433
-0.07132812677760557
-0.17421891052114538
0.32880405376971616
0.34001509534617036
-0.026782097310111632
0.0034373916239558724
-0.060721862407862676
0.19574598201576035
-0.15267187164425416
0.040022213812977485
0.04227425126155815
0.0533032915758892
0.04391996033161411
0.14274663270668228
0.7090083910261501
-0.47216670384202203
0.3170681883854085
0.22310596315337491
-0.03470405554483542
0.30081537668703545
0.18077265374568227
0.6770586057758118
0.22541146035875234
1.3041751318702366
-0.044886271209793674
-0.11675152273039088
-0.14016998287138807
0.017133176752166954
0.23943714726579138
0.15707882723373523
0.10187727982887207
0.07902463444706101
-0.08254890233548144
-0.0010317333894009474
-0.440456509867605
-0.06112934134860116
-0.4015449004693017
0.22360473210115425
0.4846333798929864
-0.07025633551545514
-0.08688721569012232
0.4313058257365707
-0.029477030329768072
0.45064966542276796
0.4033725059128709
-0.06411835321616763
0.17202032571256173
0.765668530444787
0.24036288940817638
-0.07433280574073318
-0.026425075807690147
-0.11159178828995076
0.07643789286380857
0.5855936808411397
-0.058168404691097915
0.4207956794586437
-0.09480753172875049
-0.07029735222623569
0.007824517952706915
-0.16994401971875936
0.027195743361790852
0.07705203026153987
-0.036557364271688965
-0.041309395385149314
0.04082454712256422
-0.12560689240613856
-0.1644328593135462
0.09180572851525236
0.06105013364242841
-0.09501245254404524
-0.20927414138598516
0.3482488858114522
-0.07089371484520238
0.13654877486938016
0.08047176520658547
-0.36632539540528775
0.085933320349724
0.20676734122314697
0.16593348688797946
-0.011377793600589553
0.2355626951212766
0.09874315005828994
-0.09798907478802728
0.08928814387499778
-0.02929228969257888
0.4695139864172631
-0.11054398341991503
0.3523741599838655
0.18793100417691116
0.2209947382061898
0.0067256124007875895
0.11912473230854063
-0.23163297694126875
0.18938779365435268
-0.08825954505735517
-0.043895381305679465
0.302897830942585
0.04301336454574995
0.46780630217397484
-0.3766290122728163
-0.06298302913609388
0.11510817311488582
-0.17774684225019288
0.00916676238657354
0.7079452317557773
-0.11248240078835352
0.14062665971730964
0.18005824554838593
-0.0349635928276335
0.23668606228616051
0.09218280909396255
-0.17628977285718234
-0.025921616211470665
-0.0982838529031217
-0.15306710340603227
0.020997589642129715
-0.3654925261651335
0.06550909225498226
0.17066409895705484
-0.10282146904341731
0.6596988345656268
0.04075921954289946
-0.17380686862785832
0.41989646911942946
0.22411214368346977
-0.363775157693679
-0.13814801468590435
0.014944071752104446
0.15589802176767933
0.4001275739832542
0.06167659362496956
0.1340913163485937
0.14420445133218956
-0.138180952882592
0.1090393032493301
0.15446565403926443
0.11583903528687367
0.13445549204229637
1.1017267393175685
0.24044077864752658
0.0822823457339139
-0.22401362807554345
0.25535154572229274
0.003503170194716661
0.2021626504474008
-0.06241856326966898
0.05285993661903415
0.2458247359537451
-0.2871080026287744
-0.163017483789711
0.12428092065134906
0.013713292632524679
-0.39341082679782435
-0.27768829129939004
0.11142643397865631
0.17239782752910435
0.340383904247003
-0.13076918365945087
0.251920699267105
0.10180800371733134
0.045734960766756545
0.17358126601348034
0.0975635012266728
-0.0838860032921507
0.026325714928427467
0.0027991258174329342
0.6796961512020069
0.305121597836659
0.16314788882277723
-0.37417795367788237
-0.46823331432225546
0.10632173289666544
-0.3493891638591981
0.2040345070114588
-0.27807441493638313
0.28410416414259937
-0.45021689077480154
-0.11376907925353949
0.046839045391872
-0.2027110990734938
0.11218233901623866
-0.2395743073147728
0.08177593482659974
0.41561141064314233
-0.694247850077134
0.03981759995885139
1.0969077125166211
-1.065096572882118
0.026579776759024728
0.0027472743427968916
-0.05418111517858217
0.2227560861117506
-0.0810658485626175
-0.2106064705893832
0.009609479243670555
-0.07531051973073191
-0.07976081893227902
0.08005629807959523
-0.2349926300075745
-0.20954409347749148
0.15515254025355835
-0.09254402653637826
-0.1234603580774034
0.09462542629595085
-0.04490433992131148
-0.2521833430952984
-0.02652689624902831
-0.038333081296370565
0.09394608739694525
0.09217247660207277
0.03614058849162019
-0.2530272855800813
-0.6390967846703043
0.3238829854776593
0.6483321664301135
-0.5279050887020769
-0.044683409543621044
0.3040245612248988
0.11751668182829333
-0.36070862176890467
0.3660437362680899
0.3465247977357147
-0.14098224650344707
0.09818538290753544
-0.1350063577118343
-0.2821378434255621
-0.038951598387170626
0.22693980995341462
-0.24783131828965493
-0.41497127468779654
0.2899785942572145
-0.1159858218788359
-0.7019014074102025
0.05141668233465572
0.021574613043403936
-0.06451084270430286
0.36289702637708043
0.22793907381640235
0.1915021947299291
-0.44346469122448845
0.05153634691294997
-0.44442442480048266
-0.1468466315451561
0.059883138828524085
-0.0992663961713888
0.04567223811683059
0.2695190228651051
0.27686155110895305
-0.0356317490559454
-0.12267739718699466
-0.12256848493112998
0.03094983328365351
-0.08362739309643706
0.12609962573175212
0.3276726663674715
-0.012361152186554683
-0.5070491863204312
1.290326491443905
-0.1718312833976179
0.2521065510512892
0.21987969113098996
-0.14380624243130136
-0.055654769213665904
0.11618798045680874
0.49017270632788734
-0.13462717880352537
0.5612053360309793
-0.12074788959758564
0.28224158105189384
0.42443006396768934
-0.0024453465910838396
-0.2479025936128143
0.7967133245838693
0.09141616252103023
-0.1619063785117091
0.13148550611424117
0.11976341872583814
-0.1853134165369778
-0.32073973569048014
-0.25813120354887353
0.23368931421373904
0.12107372153421234
0.7066256730407866
-0.18259837810096338
0.041199504863056735
-0.027236335357646958
0.07441078404072907
0.08906737369581345
-0.10303702665505825
-0.1878052777494779
0.33466732540068966
-0.1703680530411162
-0.20625691990476439
-0.11003658034596986
0.14751376771642674
-0.1596729397524941
-0.22069945130786212
0.04719397198799108
-0.2204591937375649
0.3739124124241077
-0.1315992295882521
0.5075561646957735
0.12417540490943225
0.1332480334008331
-0.22125473391384015
-0.19079820743925557
-0.2522135850207002
-0.10276385284187631
0.015719708041724286
0.6709793536340246
0.04000503657631533
0.1676845701518184
0.33221545913218886
-0.09906774701823645
-0.1858979621109237
-0.1342364969674932
0.989270498949351
0.10389181186396532
-0.05462246563124126
0.14857713970157066
-0.12120534561570441
0.24470115660003827
0.06388877054934144
0.25565024116568585
-0.11880822482240048
-0.1862198365612431
-0.15602909725673977
-0.011973140719179197
0.0771043822674494
-0.40385800379339654
-0.49218691852354524
0.31897618303786296
0.09001718261991226
-0.2511956691385349
0.1175768850046667
-0.12488839477601889
0.05564468962268245
-0.017047278809011465
-0.12695440449379022
0.0585386870242895
0.03905723089997283
0.10569591133759097
-0.03303793774886815
0.49941485256360185
0.29055826501528864
0.11716808776816245
-0.29574636830165296
-0.1862295942329675
0.2537302489866326
0.18907215458713897
-0.2508866138807364
-0.014884697001099604
0.059742082835544184
0.414206021499612
-0.14521151571693253
0.12416846828714109
0.24357936930581192
0.055255980917066176
-0.006421788967135073
-0.07786345437974104
0.11739601947613988
-0.0904156206781124
0.2441118431624545
-0.318397208044341
-0.0708969184294471
0.3696650685318186
-0.5776208349068009
-0.24149967842279363
-0.13890321528486782
-0.13897884069219796
-0.026860449649430868
-0.20197849889289948
0.010041195348063671
0.18361534171094335
0.09984175648963539
0.3583001136912104
-0.3242174112490479
-0.24535347805353844
0.0383025542133645
0.10553771009572163
-0.1447620348423137
-0.15429910468039093
-0.2708491168445892
-0.34321806889899925
-0.1503277860908252
-0.05923804550914735
-0.23531536252945331
-0.008408301221206085
0.7061313568611043
-0.32471935261139345
0.209892329805057
-0.08762468020678132
0.07698089812510756
0.26242119276412523
0.1686489402518016
-0.0891976918358214
0.10903521954302044
0.16117686108670592
0.3886294346053128
-0.6137319406564523
0.3291313983395503
0.048170734947174054
0.1929123318553972
-0.030920369276870065
-0.20356204473014813
0.024645467184462276
-0.1419672711315728
-0.01749717630327992
-0.07094560241875408
0.2360962666714529
-0.15933021510656106
-0.12526230809238872
0.4193978018394252
0.07954757795276803
-0.4295405419679077
-0.014230189212230081
-0.3038693137544688
-0.11068057637711597
0.14725224372247345
0.1287657089862717
0.20919743281161512
-0.1598722592590461
0.26664551488032673
-0.06378449433544443
0.1804960044083227
-0.026551013519490452
0.16956087194119313
0.11720057009888904
-0.03571807570673059
0.07542799115293704
0.10732043977389076
-0.1378962647399893
0.14164701136018856
0.008761553989419264
0.21701663308272717
-0.27169242328796583
0.04723956778427635
0.054484836445051
0.14929447190447218
-0.016940781217374547
-0.18742116267157494
-0.0517770917870035
0.47627299484882746
0.1634579819025357
0.07315857682941242
-0.19193928219319398
0.11943838222497732
-0.019387430569887946
0.06529705685309863
-0.10432721549426964
0.1107807679449452
0.02413856164080549
0.2506558394137976
-0.06513754185265981
-0.09958965228982682
0.024621389949864132
-0.24807652555519033
0.05542030717200893
-0.2749376019911961
-0.166359062880233
0.19571562298052197
0.09454551013758106
0.6172204333926053
-0.1298044242560076
0.09441497202257138
-0.2755995079546224
0.17418817490059585
-0.17332391471503442
-0.06019531259874326
-0.24370629791613552
-0.0401633062150542
-0.26515921468402714
-0.02566878488628107
0.005853426630111016
-0.1794664216039815
0.062378119925603284
-0.5027600555975529
-0.19744579762950648
0.084397319354668
0.34637639737940484
-0.08756117224506514
0.1072763069801223
-0.05836392703150423
0.08850773049044199
0.3641787255644124
-0.6117998990507365
-0.17428693979800436
-0.07207721001731814
0.21294365438546115
-0.19392609396324667
-0.1915736791394544
0.3189540369060601
0.06604369883198317
0.06796477398818211
-0.40444995101429965
-0.05514259729587567
0.35723378822849494
-0.19778539709558296
-0.15058367788704535
0.018480947008693408
0.38831310211713355
-0.049981361562936796
0.3223870355348297
-0.25225296841321854
0.12139532005242472
-0.04801275180132664
-0.18724769746784892
-0.026161000456621113
0.06005712401489567
0.14494687263695308
-0.3290091098590532
0.057666550632805305
-0.20291205975783722
-0.013663099046298961
-0.22699633627856694
0.926302303174237
0.29913285946245266
0.06590834777074205
0.30181839980350633
-0.21345274553022808
-0.2569025724609205
-0.3058517309737393
-0.34243755655766256
-0.21327637299026556
0.17808909578658502
0.3629121053683014
-0.5816823016392558
0.3384411943342916
0.05987290907045159
-0.01604380676747134
0.31902243704765926
-0.19292345839000874
0.10798311827419237
-0.4287253359275394
-0.20062031349170906
0.304206205229137
-0.26925485383985814
-0.19670297598142608
-0.31455343446565703
-0.21277053543584137
-0.03582287352169831
0.13284793096605618
-0.1707281052440242
-0.09954953456669098
0.16842064988079958
0.10839160264624034
0.3660056969581957
0.012676031182766754
0.07921498423910754
-0.14075657379143253
-0.04594430541036341
-0.1304974736181154
-0.24115236944043333
0.3564350717986297
-0.17573486625796875
0.44507455463855466
-0.0564716709592244
0.17151881123165105
-0.006711729189636407
0.27442302622186077
0.09059755016964847
0.9949975193514031
-0.014103034950822161
-0.11967842584619524
0.08547278387771472
-0.2865943313307531
0.45605018609326936
-0.09746634662994054
-0.0028621836673160786
-0.10589656319212974
-0.029171181606204327
-0.18710156691959487
-0.07175452243378061
-0.23166415486205302
-0.10793241270475709
0.28554254399217094
0.242002077526894
0.357196013574311
0.04851957325277283
-0.2570926108620844
-0.11844671285809637
0.06925734218176717
0.021963730135159197
0.1691133105637052
-0.07525010159380988
-0.23066152777901416
0.12524048764311008
0.11371679959371017
-0.1587054472593241
-0.07569272721487517
-0.11122625014701013
0.08024488725500947
-0.0411249517544271
0.3077029877287764
-0.13355752112117078
0.4334145228181958
-0.10348965880465769
0.1638466477193579
0.03251019405979585
0.13765268424014052
0.07712096272051222
0.18890505069188548
0.1643147056802927
0.27244731857938714
0.5089478053165734
0.011493182164376276
0.15050407307433827
0.17446787943933897
0.03430852388536595
-0.0004000226687766
-0.14316940616093388
-0.3307430645074416
-0.13838729196363236
-0.03132712567417473
0.16909395011146888
-0.35707280784353057
-0.06592962186455074
-0.10325866905513627
-0.25661854491050196
-0.01747339818769098
-0.0837351683702419
0.35002958667853423
0.008747091748598427
-0.09145582461698765
0.1045646205936272
-0.03703511543157769
-0.2426927449118035
0.3086247191786789
0.13413262296502848
-0.23029191479524178
0.30967635603193355
-0.47938672382035424
0.16334426722908113
0.16982211690275273
-0.15126611579660368
-0.1863019742512592
0.09800309753877835
0.020345388383102445
-0.07413856483814517
-0.06272954580668506
-0.2675604482780691
0.4117359934568432
0.12376869561950522
-0.03861734700397998
-0.6728963045773204
0.13194669943508802
0.09966903891059284
-1.0929775039933476
-0.02819408898391836
0.17268385886032264
-0.5238131542743438
0.02645854324409488
0.15548501291737468
0.15148299363920725
-0.028697814208214992
-0.2522811897238978
0.18938711623071972
0.025588070499428503
0.07029180603579145
0.04900116484323033
-0.08617019246713281
-0.2389077559884306
0.14180576189934746
0.05104784070254053
0.24779549420281347
-0.006442891485008847
-0.019092962794467847
0.2543597529045461
0.5174486848479833
0.23805147420201775
0.3030388513946274
-0.1073524747962244
-0.08682487814780519
-0.010105332740843551
0.5084085866847255
0.15542567814162175
0.17349465757666177
-0.10795204035451211
-0.1310483517081472
-0.1737174969109507
0.044619127169177895
0.14123795212102788
-0.27202900419876913
0.026002196223954794
-0.18284178779436744
-0.245251549710278
0.20878230389937058
0.011269679525577189
0.269338963651239
0.45435018715848924
-1.0502727961094516
0.11235701258882534
0.021362051440965216
-0.07793994374135851
-0.2168574862750944
0.30941527993128426
-0.16782163379091408
-0.07129142435751684
0.040910394746108074
0.27942985319724706
-0.18937491587503646
0.19451945450865213
-0.10152162885124077
0.020080382696958405
0.05702340726899336
-0.11379038742693517
0.06358919709957757
0.24142660436275604
-0.11974513889076334
0.050846345452206496
0.14408746570396527
-0.033920690213477385
0.03427663929258834
-0.08478630294025268
0.33883115658282276
-0.3026118337043105
-0.06598975418568843
0.6791049531530511
0.15628588831566892
-0.19766713491074775
0.12908980633551764
0.23175427554848954
-0.19930949597935674
0.1524312250964546
0.4313168873730494
0.024699899516007203
-0.10331211659886581
0.034586528268575494
0.0361175341767795
-0.025293614651340005
0.30427408810428935
-0.009062955889222341
0.13030183617271757
-0.05407641229785578
-0.13920463389877924
-0.13035770708150105
-0.011018007564769419
-0.12308394560467278
-0.18643094389556428
-0.2175714735325193
0.11755625542453835
0.01920170530616334
-0.08809091846408329
0.23799590897666117
-0.4077488446821438
-0.15090789639091073
0.2625076744738222
0.41429070687640707
-0.16551494102066588
-0.14753804647852897
0.030996308446789432
-0.12601272522684495
-0.1690347151521108
-0.1346560727575017
0.1986090331339775
0.09319986347976536
0.12134349924216918
-0.006439923316516128
-0.24556999353479303
0.07026387999098355
-0.02354605189008948
-0.6349776317652548
0.1292273311964006
0.03133248270954032
0.13607349538069355
-0.2993224213268251
-0.08785193904421816
-0.07417534223544943
0.2487526451579691
0.15026961555075066
0.19461225902449633
-0.07358470783946017
-0.09367595613197197
-0.12559388921632678
0.12215558650045936
0.18815268126869633
0.0707688163985773
0.13467827739009927
-0.06103376663094986
0.0733737322593529
-0.24868842565136895
-0.2305372817137158
0.1650539551005479
0.28990004447923945
0.12347648654990347
0.4097010304769482
-0.18046086590781077
-0.29042718235872644
-0.19175396192233707
0.12444620484670672
0.35630081513994916
0.045602628151667574
0.11488244569867291
-0.128879230387342
0.33975416237960193
-0.05828048865988779
0.026976565623030833
-0.43081672200069066
0.4355340651801283
0.1504110933047712
-0.06750404933639549
-0.06802243114219707
0.06591838554559465
0.1755402929662264
0.17840038808692035
-0.10406187603002762
0.008179572504375199
-0.20735301169614678
0.47199225199133027
0.038804689962346005
-0.0011596821604319932
-0.23870598693544842
0.36319148905647786
0.3390085619707924
-0.23678656184397842
0.1943822479804567
-0.29166909888309117
-0.5557513298231826
-0.13300702316939
0.130904242852795
-0.042655416185200204
0.5062755114451352
0.00045087764780460854
-0.3080563692885623
-0.291022684844352
-0.01408384406555548
-0.0070872009267468235
-0.21792504782823077
-0.04810968798848738
0.04310869337583372
0.2561073056166324
-0.07433820598167991
-0.24570657440148896
0.06657635570417157
-0.09065915566644342
-0.1269681044226726
0.3161739721617102
0.1719589591754297
-0.37056219558982495
0.03871725796502504
-0.17319848148393924
-0.41605109351631403
0.6597157839451226
-0.06592891763702192
-0.45620878905034884
0.11610510663504739
0.17135257147804703
0.12080611114233888
-0.02997347274676465
-0.21971356856486812
0.3512717714866582
0.07593564575610728
-0.03235001292229643
0.2189889982690214
-0.2554261369727413
-0.20521592714704479
0.07958011117048741
-0.3100606222244526
-0.01879797771707751
0.08061526760604423
0.1544319517502869
-0.3083481574869036
0.29779757707443155
0.22340154309707527
0.6790399779396693
-0.06833401149821208
0.10225640665087815
0.683663008283216
0.07505103930126256
0.13036176501856572
0.46856971120747504
0.15853956239411499
0.11373212707108965
0.1373742571076139
0.4293608703052811
-0.20255891639211226
-0.2890485756343448
-0.015949738118978558
0.23884957955596686
-0.05779883064329296
0.43450715212332824
-0.11053219356285664
0.005653472967323216
-0.16057251288738358
-0.21089733875363753
-0.41901976901041976
-0.01937775414956646
0.09325350624483802
0.23525003058152036
-0.017492719089083654
0.11507626517578069
-0.05447809749585191
0.6172408113580107
0.2120410599204028
0.09307486045129644
0.21112076692217208
0.033479818484793374
-0.18524546555529317
-0.26311441217881537
0.1959367861796257
0.2501023558399649
-1.1096276238245553
-0.4113475720138742
-0.24637749702924452
0.4601084777227726
0.19858154486909882
-0.2826183580933863
-0.1968357087868919
0.09496115543122301
0.1979268526109991
0.27260957695606997
-0.056247286568042155
-0.18826226771653887
-0.13100703100312464
0.6779126408401751
0.6428672502211775
0.143810882297933
0.4605991800509751
0.49646218624042454
-0.11006216868415097
0.13829239822677616
-0.2133822054141732
-0.22501416038379354
0.2165004756640869
0.0939942221001277
0.017949773836362183
0.11123749082142428
-0.3445532167582267
0.4467159316589435
0.2038256746639786
0.2221026731246718
-0.15741177642455184
-0.055938112221188094
0.1228730251033771
0.47529142226329674
-0.01491550545004017
0.4056818206600739
0.42841191652230154
0.28005472478283616
0.26930762663602104
0.398831521232635
0.09050403375433763
0.6764508771554681
-0.03939925041885266
-0.5508897044689224
-0.2041550082355987
0.7507522469120554
0.3093708469199749
0.08533557159169389
0.025951686303883014
-0.296761221261313
0.30364534081346123
-0.19043943150960213
0.22847501337070558
-0.4337265880628104
-0.18890658892032192
0.18028969056481264
0.20781068349672044
-0.0507803940587259
0.2360191718842866
-0.053262239234686155
0.09411251153536543
-0.2668200885498923
-0.02683870176659294
-0.3023766151159726
-0.4127408583359572
0.3136277923286011
0.28337645540102097
-0.1693736859088277
-0.15746486195567136
0.10898339337857553
0.03911586234766658
0.1857813003709276
-0.07585627072675274
0.0143987867794247
0.2562861660241272
-0.5989002261203771
-0.12661308162530907
0.08157787731330247
0.13778823921538036
0.9663631598140232
0.30967419214953973
0.22613720341966528
-0.1254603641194445
0.18715289650930111
-0.13693214670038853
-0.20554821429887715
0.11582790500880476
-0.2732377528658079
0.003357447058971164
-0.21945238258318678
-0.0013894943221108892
-0.03445155995073616
0.08771014554756834
-0.18217898850924555
0.14664988269443147
0.09305687428266245
0.06863350547405304
0.6493887162765454
-0.18181338294739122
0.004646027590631153
0.27217266510018284
-0.1371761822317892
0.6441657139906245
0.1736022525208293
-0.13049527128550822
-0.019835598048296557
-0.20040006591727635
-0.25902008503848356
0.6746467672433538
-0.09925806293225883
0.07594811164313767
-0.18723798887772325
0.1752552993730299
0.028494942531597255
0.011857328306001754
-0.11847774004412609
0.4841261083079191
0.04650814291083562
0.026653445828382784
0.05041350614223962
0.040468195053210136
0.1265305817741591
-0.008171413527382201
-0.09289795564681108
-0.09609135558910281
0.0033029920831821936
0.1289073431641329
-0.6201579529716443
-0.07373487091541372
0.01580642218458999
-0.2149782352993693
-0.2467711435616251
-0.35204155524162806
0.35378016561864956
0.13801074320712425
-0.1701884841515353
-0.3746544684593202
0.1899210776400086
-0.1214622498119868
-0.5851401109003872
-0.28459965651375696
-0.7071970194976737
0.17375548178520714
0.2831767208796267
0.2835303707204201
0.34954649699789747
0.7671924866302082
-0.2176313063513269
0.074955324100243
0.07098456487851278
-0.3289571772866325
-0.18999862572551712
-0.1970549760810883
-0.42255786008032953
0.07096031643548802
-0.1361475168434779
0.28593276105260973
0.8489703908339447
-0.013952115554807246
-0.10124150785467664
0.20703728894058473
-0.026346814541361844
-0.0956184500427958
0.324130278768414
0.04573311322153972
0.30393887806168357
-0.00829370170820918
-0.33396346927031856
-0.01295136145038328
0.6748344639309184
-0.06601059656071681
-0.14234943149424945
0.5333408996064979
0.24420143749773798
0.5605573840300488
-0.19412335656788973
0.0403011151788919
0.14416055973402442
-0.10773969031807935
0.09931632361321883
0.28546437073840397
0.15118426666640836
-0.2634368744296078
0.08701762605652884
0.200807866623643
-0.027619295841169764
0.21856274523070765
0.18391225290869304
0.19857398000318968
-0.022853606662078224
0.06690095275892369
0.18799611440220942
-0.1811680658880043
-0.23835193935073468
0.09821702022428641
0.31810846317226055
-0.33106566030339846
0.19869543154789648
-0.0932242934848524
0.1380672907815799
0.020325443200769722
0.004186132375504077
0.13368289428316807
0.10974711962750877
0.18889671432132463
-0.06600076930360124
0.17673276751404213
0.06076027820244391
0.19059725616318968
0.09589831065402969
0.15685923008835229
-0.09530081214507265
0.16408826472728286
-0.07588802596317222
0.4225266063821857
-0.14180119534255348
-0.04557714011993397
-0.17716900572787309
0.05303825051285198
0.12963120592319816
-0.4015070935149846
-0.0690064480473857
-0.18549561669430176
0.22090513403358356
-0.16549875738738556
0.26121727971712405
0.15122934541754862
0.1344172201011553
-0.14418128015869286
0.012856598966339358
0.15822106957759927
0.17526625036573212
0.28076755231769024
-0.05605045298414413
-0.5093045266830254
-0.02662031031574763
0.07592225578350904
0.1254730817462484
-0.05607648871131751
0.15949928267827182
0.2673282663288184
0.009650567865387321
0.15046083553680173
0.10104234507522766
-0.13975712824846642
-0.17592461287207964
0.015040631685737726
0.18837033465014175
-0.2131781957338024
-0.13588285722574323
-0.10623828453341698
0.2178514908612866
-0.1767845694639305
0.2184911936463075
-0.5696893874832057
-0.014021636670576864
0.1450527656004337
0.8518953113276349
0.1540738578357425
-0.013305365427425307
0.10125522145903185
0.18036370825964335
-0.003146262668787431
0.14548205737452374
0.1622792676886756
0.13511137037216372
-0.6800111069793192
-0.14759284245535684
-0.217499734722524
-0.22329085584807334
0.05006863128994519
-0.6853449289736785
-0.07706697947217145
-0.13202221226064564
-0.06304687103788627
0.007552230065808021
-0.5839606873729358
0.18811752427402795
-0.23308603911526696
0.2572710256759535
-0.00012369173932393662
0.10237623471224144
-0.20377174113282578
0.274521948918401
0.05999783643824776
0.15312536894030024
0.1470067635521615
-0.04097802192255675
0.10045932119121122
-0.3523133611528969
-0.09137216177949634
-0.2321330880031982
0.30127408806892636
-0.03649270791990248
-0.10832807559435764
-0.0023795473834220208
-0.16114004888638983
-0.4430944298495146
0.3387676909818703
0.04537900078099894
0.18893650310563123
0.015779249388436306
-0.08778510337710847
-0.21461721252218965
-0.0331438369395261
0.2494606625815273
0.09855088485511285
0.11531849651445639
-0.11866762366759775
0.009788648446657507
0.07420153240655923
-0.06761365703480679
0.31436634916729367
-0.17932892639467096
-0.29060011485600024
-0.16759778577143597
-0.2514810622055547
-0.047770857463335994
-0.12818359804915536
0.29588159788545965
0.26880642707099167
0.050323561690299515
0.1857310601877675
-0.15234408210444758
0.4683282350898992
-0.1520082649329932
0.265328920047952
0.253210601880843
0.5639290540493339
-0.34986043203060396
0.26891350821836246
0.13133051662606407
-0.01792801217630511
-0.20120319446792653
-0.12321578927858146
0.13670105422436382
-0.5021764087589835
-0.08948515449067465
-0.2895602726762204
-0.02319839988001791
-1.1557425204728164
-0.2607123632471557
0.49286047944989825
0.19970309786602236
-0.09884894202293479
0.33445182879599916
0.20579230247478594
0.3399307892862195
-0.678323772516948
0.34304906226419524
-0.08162322184611784
-0.14305114145147316
0.11775898576680292
0.012560626539926784
0.04035469411741515
0.6733920364734668
-0.01754433314757274
-0.24354794792303996
-0.3212338241019705
-0.2343731591249184
-0.41141663593909633
-0.00019009325509253952
-0.1344868412959079
0.1905117501486363
0.024109372864997692
0.3305915295768925
-0.45890700418985747
0.15206162248994443
0.2114708973601818
0.0910813704894624
-0.3755171793840408
-0.06384067735291403
-0.28905274902743366
-0.08720933086323933
-0.05965585790821371
0.20294552479473268
-0.2841758724057423
0.3538057405258238
0.4876718730122667
0.27515013232835944
0.20044550338556666
-0.5587467278708609
-0.33201754817480744
-0.22788406487559018
-0.021496544119263973
0.252073134741901
0.015627674619259797
-0.23972764680230266
0.03307789535897631
0.32013887877934255
-0.29503339507130505
0.3318669289607483
-0.36878542045134927
0.019278576579252197
0.06758374315235868
-0.3414932998217151
0.26872757938854547
0.2676900404878688
-0.046701477131571294
-0.3148989585737715
-0.03661475504564602
1.0195972001583489
-0.2922136477450838
-0.19814314575550304
-0.23158354853536592
-0.6135807022720238
-0.25404228011420227
-0.09371152164821421
-0.3718374721656986
0.036068954624087
0.18446615935127492
-0.2754488656467323
0.12766968051578825
-0.5381063568228407
0.4633194392512069
-0.28147594439550816
-0.23168740486939013
-0.15512822106723545
0.18406523266055289
0.1401589292173742
-0.4501432463511838
-0.22813347073020077
-0.6718608401106406
-0.04208087569327743
0.21399069169411972
0.31218255479476065
-0.14536386825767783
0.09049391693499968
-0.3798499351355659
-0.04524454153408478
-0.02077859647257138
0.09156210793138082
-0.21647250733258386
0.0031650986323642355
0.12092966246220939
0.026761650831939002
-0.05813844680723701
-0.09763632331704843
-0.2129029106061236
0.42125147729427825
0.39560575742820037
-0.253801684975365
-0.6160257969840968
0.2152774951295747
-0.27492026784344903
0.2870768710923858
-0.07144066475500636
0.22032880687041792
-0.35453916501273025
0.20120619366092482
-0.1939889481428562
0.16688310097858944
-0.28427314598138237
-0.0869423470584628
-0.2601085427277059
-0.2975976722131795
0.013865212904685814
-0.11566050799690106
0.11971387000801285
0.049525196130146776
0.08356589062745566
0.033943436438691826
0.11227243171038592
-0.17570110851644447
0.061723085015143384
-0.06430568671053262
0.08622376195146741
-0.3929870304216909
0.014223002830396448
0.0940085061214605
-0.15212056106753338
1.2942769911440097
-0.2321074356978138
0.0831623345690618
-0.10853328971821893
-0.24007261854654624
0.023690614299454144
0.0866825046564619
0.05631281881119114
-0.14874681037851997
0.09360048406951448
0.20043325527571274
-0.1883427183956869
0.258808083046526
0.3319814188083891
-0.12595712122803318
0.33118083319508823
-0.1403641135839225
0.008280302788423562
-0.016397545434297594
0.07358096976302218
-0.10387458926766206
-0.11786516268884445
-0.6621856263128496
0.07645334617192828
0.0383950222223321
-0.6732796928556183
0.2698108610562898
-0.15501413436787267
-0.12022579467889129
-0.09877027902218667
0.08512876731288672
0.005187182203023433
-0.22815456536751452
-0.37074641054278984
-0.041091379451830834
-0.28770232626414277
0.05235874276126013
1.237135147006155
0.11812957402984711
-0.01427673536588797
-0.021446075973554378
-0.3492422409224966
0.9435141050835357
0.1615411148409666
0.01456263925494672
0.08139001986469276
0.40564571623008916
0.01424504355183976
-0.16212338547035712
-0.0697284112234261
0.1304136188196403
-0.171159456088728
0.10989573879372551
-1.0576960149876056
-0.3940515995438114
-0.3406664502606263
-0.11816316778524764
-0.021516493511725108
-0.15336571738576393
0.16300406519900906
-0.270999503127596
0.018819515268546815
-0.21845565400577302
-0.059486353281335766
0.2488297214628611
0.20521933781526794
0.06181703377726962
