0.29641162322455833
0.4536672563330912
-0.03031587627986863
-0.28773886359112794
-0.13663251811056795
0.046816431675640154
0.022757397366508298
-0.3166516845328481
-0.723320832188957
0.007523853258520442
-0.140173719326347
-0.5573862862135301
-0.04379377611332989
0.4655791525773021
-0.5208156468848607
0.5556937485300597
0.36174691114652463
-0.4723899977849827
0.07883953610282234
0.5705952105457434
-0.2505318661269866
-0.22126122770366902
-0.21194156654799132
0.10658174921228036
-0.08468022446860456
0.43960811684437245
-0.08074904400578976
0.24930076955012645
0.05295496544652949
0.016514066721500218
0.18621576668324083
0.14537428088129975
0.20259384289940055
0.005406676649970767
-0.269373071706927
0.5867595548636578
0.2784896121462996
-0.13209179566747953
-0.11357668097620068
-0.12784468568680726
0.4493334030213299
0.4545486340156226
-0.16418446984825463
0.3507171654658846
-0.23921678885877065
0.17757208340261016
0.2785350397016778
0.08455182780077931
-0.06986558923890478
-0.18268832908655339
0.36613988691400423
-0.4342031550686946
0.5415217642391442
0.06381559904128259
-0.05632424226288307
-0.32415033995851555
0.18618551593836563
-0.2530201909088888
-0.3791262279271324
-0.4716079469665358
-0.25594748881561646
-0.5165421395120062
0.6942436718643251
-0.017107766347666267
-0.07078567979945988
-0.13689958302258168
-0.13994822589769151
-0.25851461922820496
0.2319695235787771
0.24298960993841934
0.47536201228052377
0.06249942787455268
0.7047864485312402
0.26610296902272407
-0.17250016526977643
-0.07207194681423434
-0.5111044738570709
0.3964135051618933
-0.43049316280131816
0.18530393412136903
-0.6389820843079177
0.27801341653830147
0.40112685985111346
-0.18916341562467945
0.05497293192116947
0.2737822569312742
-0.26664570770116297
0.4237446420606921
0.5019084998174361
-0.09518884634819659
-0.4302049751306988
0.15330968344995316
-0.49056985856305235
-0.2708735087030702
0.01579129192404584
-0.10502004362527045
-0.12191483247449107
-0.37294577169354076
0.23163561221157417
0.4205327217251735
-0.6566265897161004
-0.019900083731458858
0.06330631026208261
0.18243547197600152
0.3920719584036767
0.18510204019612767
0.1815984825711775
-0.2574935089480818
0.4032339207856085
0.5206022020369274
0.3155195238263762
0.2558724087885301
0.23846806480933455
-0.0021249912433408263
-0.35440428725199347
0.5108970372786196
0.2875227270851486
0.0793856028180195
-0.8179627753792948
-0.15971724945638505
-0.35133758082126
0.4109429558437407
-0.4901492063075197
-0.6384497205438976
0.2487565911949187
-0.18286595440251774
0.11618004312578907
0.01971447480870706
-0.13584028893809197
-0.027501668907698965
0.15671379533896637
-0.3527031549317025
-0.44249051037097087
-0.015411380156132614
-0.3925011854952552
0.06558943393981628
0.33587291292667076
0.04842516574259398
-0.24818681741477344
0.20083404374625405
-0.34806952407777264
0.1661712947184736
-0.04160469190880383
0.10140261594392017
-0.5438684821469432
-0.3886537737743672
-0.4048391766972463
-0.21608289670421343
-0.1927534896208487
0.3813719238875856
-0.4550223646982273
-0.06598358128481438
0.46130041147599915
0.3711069555224292
0.09979249683604434
0.002173790974261693
-0.30578874406357304
-0.09454610485418581
-0.49682551627727206
0.22841068634704464
-0.025357076134267586
-0.06496929602006113
0.04584311876192826
0.1403633882992679
-0.32505823706642145
-0.4055497579978205
0.5022215568346137
0.0004981784446416365
-0.4095333285700104
-0.5342863877264658
0.5140620487772568
-0.1526386961895914
-0.18719852876862011
-0.43652253271700675
-0.4128374447233108
-1.2587774017187117
0.09178531939695667
0.11875876905355982
-0.5135603396079401
-0.44556893082666804
-0.44558142424315345
0.1142926307643276
-0.545069880822877
0.362247528399094
-0.2199742838490011
0.34872592122043067
0.012495754102507183
0.07312479669582407
0.4273423861956558
0.38714749506387475
-0.4259039066502528
-0.2538317263627767
0.17064718847244467
-0.10636058024974776
0.0002714946990445568
0.3629499075951235
-0.1912257219722226
0.5488828333238494
0.45729890175395954
-0.23156764253288614
0.1955944473982411
0.3622156254748199
-0.07703771277279295
0.2084237558580387
0.2031127130083181
0.18526740956960153
0.6493206779880963
-0.26919233708293305
-0.49457344695710687
-0.005805607486796715
0.9747308110093946
-0.09269343339357076
-0.14213331430920734
-0.5958828855333377
0.27441547428939744
0.2778452125865993
-0.5634771206818902
-0.059043125763443276
-0.5100239295545951
-0.30857524118927676
-0.13840280432499694
-0.20635734895855348
-0.20482573142853797
-0.22539077805711918
-0.1285043005563142
0.2078841522039784
-0.276707541384284
-0.5261919203490646
-0.5136765809870142
-0.2417384324936117
-0.15494140218872773
0.2358963245256102
0.30310058131835477
0.6325973307189371
0.6893930692406668
0.22827789321903605
-0.16316410069295062
0.4407992512680779
0.3701629737908337
-0.08691060050335664
-0.09020739970604111
-0.6566948616676137
-0.20376384036471587
0.35674107051398585
-1.1099128415943673
-0.13365315741621492
-0.0010258134482774338
0.35872256014817955
0.014180643112211939
-0.06728124021464812
-0.1968420626046266
0.08484750989105577
0.16441247406623852
-0.29215483348026977
0.08305308911915085
-0.19018680352963965
-0.3260950032074224
-0.029269092884682033
-0.05015358833418954
0.397073162404819
-0.29113285687158164
-0.1269171294450482
-0.15708165168456104
0.23958390995147572
-0.6403934593835905
-0.5122306982787264
-0.1745154939320094
-0.12633478716222904
0.3785032247855746
0.48591146314309736
-0.4573705664864791
0.39595686339820213
-0.10583637865131708
0.25766657942792887
0.3477320010715843
-0.4276325506400407
-0.4274277399459054
0.06041798968770275
0.17601668350650287
0.33425668080732734
0.14450101734556495
-0.37553573791889383
-0.5601593936385567
0.7190310275715096
0.12219548021190962
-0.5134080709298895
0.03894524078730847
-0.17262036602009284
0.5285268084945994
-0.5745245714728796
0.2865922216072347
-0.0031334381187458496
-0.27471363979546093
-0.1140938117117416
-0.1914435506727176
-0.129871275499917
0.07111569253413232
-0.47909181230156883
-0.17711796786765724
-0.03249772481851569
-0.1237107452202996
-0.528603169793714
0.19915587223518358
0.31742049755016977
-0.41855456530586205
0.03601130517591529
0.45641963192719204
-0.02325176732173574
-0.38979506765298116
-0.3516997484455471
0.046445604146244754
-0.23616064285381258
-0.5673823634879454
0.49891563229365926
-0.24209408718201134
0.4300644003869138
-0.4622572312933068
-0.20911511032185479
-0.7082202913631941
0.3266711459227168
0.11467662673676157
0.15058556199965953
0.46637946847972567
-0.21475610587869637
-0.5535163245625958
-0.7687593491345234
0.07133175751867465
-0.14509807875278
-0.6638326735550885
0.47679558789613463
0.04185806500660145
0.5366695306219113
-0.2922254687608595
0.4835581308926878
-0.21517439130519414
0.5508262373974401
0.461165961532513
-0.20880463161501128
-0.4973589117068533
0.7458927004727746
-0.30438235181813833
-0.2919977925256411
0.02175157703904678
0.1493340823838963
0.23118861210491087
0.27579526069226384
-0.3452329663567014
0.38154345255588107
-0.3885730410947019
-0.0026663778589622027
-0.23804756883200728
-0.047158260843679134
-0.7044331030073869
-0.008165016940634671
0.15742604027295168
0.3565364585779848
-0.4286895055545164
0.16389863775286392
0.3365496017871684
-0.1301628125328026
-0.7044972675572663
-0.47559724614115145
0.45468716455253116
-0.340210928024073
0.48289962163716393
-0.17192444403709206
0.21625933167376968
-0.3725681355315121
0.8419958283217981
-0.18410181423923178
-0.19486432054006442
0.07565064613148716
-0.1313010490258557
0.44121890321704177
-0.03325214559319471
-0.25908440578430936
0.40526051339122404
-0.03498153752257062
-0.1419167847942794
0.15542041541227075
-0.30308018546468546
0.5283358034705835
-0.5324400854410631
0.09369666477687197
-0.38717150555020463
1.0019853589364918
-0.542424411490236
-0.38319223674988023
0.32495211515697353
-0.4452772114777159
-0.09955222035753698
0.5542287321757574
0.2873448691703195
-0.24234169970751884
0.05963690637265427
-0.2214956233174028
0.5798320222839336
-0.1566461268559312
-0.866054468097376
-0.4974215905207382
-0.2753812585328548
0.43585939378243704
0.5668259372022846
-0.3283738772558055
0.07539419053882493
-0.23046089010026075
0.7628434095938487
0.499335968268405
0.4086770868491556
-0.0747273087237249
0.3282225864308467
-0.9273112299101199
0.6600429219517568
0.02424236603229577
0.3202478936987156
-0.012772835634161265
0.3792191803215752
-0.30574044258432326
0.6517851384533483
0.6172589755179625
-0.6003997019285391
0.2589031824954844
-0.24028653839660374
0.3128519563614844
-0.5836698828174937
0.5373000882441407
-0.5752007076305133
-0.3447330758242594
-0.044754956328352594
-0.41026179729482487
0.36525481140454824
0.006977570425102122
0.20887880802563064
-0.39374449044761534
-0.48191720730562254
0.1304298440358507
-0.5587600093885696
0.2686823815169866
-0.38103504547891504
-0.05563233014313227
0.09240752270097229
-0.10067600009609416
0.36230717064870155
-0.3401724475300083
0.16090899336944248
0.46568383474232883
0.11426895135151531
-0.5298434242299501
0.18078318146041858
-0.5148178473608684
-0.23615492567319
0.49413717783890554
-0.22695038182226285
0.021711539017910383
-0.2644482381110085
-0.016244933605382924
0.15468160488384655
-0.12446053489632516
-0.38455834495658
-0.12291434947288182
0.0714689163702625
-0.3694077014108063
0.41318884415978346
0.04962190261125419
-0.37648810195273047
0.20989144497379275
0.1345000653423144
0.10597818875086747
-0.6745890907595781
0.2362325490709781
-0.009253142498001186
-0.3803228328225068
-0.3181394548227395
0.012118793191777544
0.3176599233094412
0.2901890010089635
-0.62052074916133
0.36786814554587316
-0.28464675012352936
0.33541798210426704
0.42793033573081585
-0.11480061947117146
-0.24994869402813114
-0.5364601753930721
0.32142955566150294
-0.4085005080763925
-0.007708701074965071
-0.4297180848560375
-0.4368634260670442
0.5242361956666847
0.04458225078263056
-0.188506413776912
0.2813483222806798
-0.9117935542955423
0.11753353830259772
0.14477217997022024
-0.3675174696806808
-0.036255211350075305
-0.3495223330059749
-0.47695575083360287
-0.3197201526955576
-0.8782659733943158
-0.4822759593184365
0.2609349047077923
0.08429627452199363
-0.2576685662892762
0.3214551542807781
0.049582805672574004
-0.49079736119791917
0.47051533652929617
0.47506264323549635
0.5076228350955571
0.0837930605602656
-0.5543959087011382
-0.5012923688611423
-0.581410266160892
-0.07316447806370646
-0.020039719957703782
-0.19767967221946786
-0.4939416846921264
0.3414455684814175
0.27944053503761573
1.1378091612099834
0.23502755679706716
-0.5748222897903479
0.11149850513058623
0.3505486349435103
-1.14204353919241
0.19391738773892678
0.48373991900920277
0.10672633319147987
-0.3662525974921074
0.26421439666138313
-0.4717391588408991
0.09487383580794519
-0.5366233388838143
0.2850490940734539
-0.08327690249820086
-0.2843766620914898
-0.4794132983192369
0.11458678615966214
-0.6525613698796651
-0.12690785622106682
0.306667313892404
0.6070272529632378
0.057072453770555434
0.004225222628918321
-0.03972964180134024
0.3367594586815219
0.2704739420831607
-0.4783404215793783
0.39409289525319086
0.11505492776930358
-0.25899655339544286
-0.4542655149722433
0.10841319282468298
-0.30163417811116383
0.3510711444115974
-0.34870906927375955
-0.6641176846602515
-0.07538299492075601
0.3113475991396948
0.5422567407643003
0.48244335790219517
-0.32235350244466615
0.23614495248667255
-0.1359370142480339
-0.2093307351163774
-0.11661422613467244
0.3527987522554894
0.11081551594961483
-0.8451865728419018
0.91341996896696
0.4070571615591845
0.22288660730490834
0.029042906633789296
-0.2559069192443952
-0.24458624507495796
0.4379792260181985
0.6552075652596806
-0.3503825171463685
0.08364663250837548
0.11266633520742472
-0.04910902474251203
-0.4994542355206821
-0.5731627003905679
0.2737896481676514
0.3414010031266295
-0.16962281232651524
-0.29752666712487447
-0.20331154003202645
-0.2424498757610537
0.5109335169333111
-0.30627153438771726
-0.34639244203912806
-0.06030667405641339
0.300783187046957
0.018272026139996955
-0.35847885813684166
-0.17206909444782284
0.5374523357502393
-0.06330533105677016
0.36889825028438156
-0.46276495971365045
-0.014237102864656941
0.19052308707796797
-0.21319783085293603
-0.3327570958752405
-0.08492772662645073
0.3142267486366192
0.058748988804993775
0.2049628436337532
-0.36785784698129675
0.08110768242943484
0.5176083071470136
0.037308068339198176
0.17892266748119873
-0.24146664102719956
-0.12116309538983802
-0.23459134653373617
0.501303231196979
-0.21994533846950734
-0.09605196122237682
-0.021629732262339402
-0.7297301220041368
0.058648137568506925
0.27496679137381536
-0.2988325829453188
-0.24816929769233284
-0.3964021973028887
0.6968529992803502
0.43544226442056677
-0.056691891788751045
0.48034911319009826
0.5872680573337467
-0.5373728451829369
0.1157517473583924
-0.4417000611293727
-0.1198611103617042
0.5739201141244132
0.29097150349999373
0.4781732035324759
0.2737732042512205
-0.95281245304886
0.1060733007445073
-0.677028751888812
0.002768917201348336
-0.11506215419974505
0.24574248655189046
-0.40034622569198175
0.3658236579817821
-0.08603484106977548
-0.10356818806735855
0.27156379674323416
-0.5256229797236799
-0.4153963944039198
0.582722681151397
0.29900014342771436
0.2578939586624325
-0.18099352962728396
-0.08576972799351121
-0.4214094527176808
0.22364120342463534
1.1095954912663086
0.24893408928513647
0.13824311800684252
0.051052310093755555
0.6484826826982504
-0.6750231472939279
0.3278859330170102
-0.09602436050074774
-0.5503762280043605
0.5762480990368799
-0.4236419961276703
0.07213699490167756
0.45502553052442535
-0.19092040139375951
-0.29108057294134904
0.07645033312962672
-0.28355563999615224
-0.5279167588550508
-0.26483104962290754
0.31862298671288203
0.43518354654908575
0.23247952226250357
-0.482798443389087
-0.62034231572468
0.13770419792501956
0.2215851164866734
-0.2566717146897154
-0.3773172131241189
-0.11436750697652467
-0.5124435404797498
-0.35220905207196795
0.15661125325381295
0.13378729808849008
0.31683957174630595
0.1331821285033769
0.43322240718070326
-0.24959908499580974
0.27194327232575405
0.10801648179950119
0.4779918554317987
0.42013313059081053
0.2812123684821319
0.45376107372106367
0.4774105015038057
-0.7042019581681663
0.3965794257559632
-0.3550639604651878
-0.3877145131686117
-0.4476017523801625
0.005539652111340845
-0.37224256108373127
-0.5144388181003161
0.17656679481795184
-0.21045136646925588
-0.4438094277583339
-0.06536034312613986
0.02265659768488811
-0.060347371313691105
-0.07306347206349974
-0.17495509522964742
-0.29311516883029803
-0.17649263091214848
0.6015235190029213
-0.7537289723792132
-0.562609159517146
0.043448367222255826
-0.20164989585112472
-0.06006881277383004
-0.2259942896133219
0.4172486532900041
-0.2560455900066958
0.443247116171575
0.3588004612036788
0.6403286810385324
-0.47368997720859646
0.0965546401348256
0.21753775735803738
-0.49631984971400267
-0.2295334482452436
-0.10156774560873634
-0.2941621622979707
-0.540260344038328
0.4537067301815506
0.3889446786888025
0.2549559040202208
0.2605008164535454
-0.029199817420788105
0.14966345249431542
-0.2965048981911691
0.000624175855971688
0.5399657638447125
0.5836963078512617
-0.32487358392601695
0.03138549017080326
-0.5938250244462794
-0.6382410269869783
0.1632978229554842
-0.23177593130891277
-0.5766331518160797
0.5522159857774942
-0.03803649153219307
-0.21580431147026344
-0.018400680782214338
0.2976396030197542
0.4878057341830463
-0.4260171805685094
-0.1753175954753107
-0.592353952632425
-0.25741438894112256
0.22737271554180724
-0.0446922568124323
-0.34897377402307656
-0.29990921519260133
-0.11027903083503142
0.028893176986348537
-0.15192234582869005
-0.5855290345747851
-0.540740416685286
-0.010532168476012996
0.118917708389057
-0.5033760082227136
-0.46373201032119776
0.45109926460066263
-0.3500460808537126
-0.49321951581982026
0.4759845197416923
-0.3260229001481602
-1.2114178697126292
-0.15699972176041369
0.25659936370294933
-0.5824494098360505
0.11904901218527209
0.526298227381521
0.09695632771275191
0.45471679738105386
-0.36805712470698193
0.3973524254079903
-0.06495451367974092
-0.4587908139991669
0.3618789072960875
0.2114010067052147
0.612862690159325
0.18806921064783821
0.49386526974368694
0.3004402573388998
0.16342370104500994
0.11368009229415106
-0.3517819939581207
0.4988475153451329
0.48865349584793516
-0.4374476190398459
0.19188568530780648
-0.2778475091659178
-0.6490300916444326
0.2955775939808251
-0.02354966729584109
-0.0879836520870862
-0.2811142914711723
-0.19454657584935647
-0.21773459935298395
-0.2078011452968588
-0.02940485052669709
-0.2039579450786955
0.39618549296658806
0.0627533694861623
0.6115632317817653
-0.4890196857707527
-0.475803212296199
-0.061165021897577034
0.09675893832362767
-0.08517041605438598
-0.4065236274317976
0.5255384636933315
-0.15817591827427713
-0.541326342054061
-0.1729857633004186
-0.3784830841952328
0.41817888062558695
0.19816502929828836
-0.07221106682204913
-0.2890284706172064
0.07698753462432542
-0.33369523366008386
0.20501360140137592
-0.26010517881173684
0.5568965993843498
0.26967488663445555
0.24398994238508642
0.04221316777180527
0.20935019267768146
0.1565008153629277
0.6221630618372349
0.23892952918116145
0.4374800349284079
-0.3535293002711666
0.2661737539949258
0.1310538933393934
-0.5814823270303874
0.3258839830221902
-0.5048180612368925
0.519443829803588
-0.6032794582797008
0.2814001851614494
0.22058378203865428
0.18874707589647322
0.7295419009953938
0.35415898904940474
-0.25318378658379287
0.2720630771251228
0.16835764595463618
-0.21134129804406182
-0.2656531783008788
0.3830536235252273
-0.15175490553561324
0.3471726222274982
-0.4275391063084725
0.04352895056079643
-0.030683839369021627
0.5956272908983236
0.2587369394140664
-0.6071543525349806
0.04054856485427454
-0.5972189267422858
-0.3701162608388228
0.5567729760957421
-0.34149598133576287
-0.2565664767828436
-0.29997262925699736
0.5047926453148837
-0.5255014784924771
0.006374616128259582
0.47683719925312923
0.9384080918521842
-0.09747258098962912
0.5125115200367106
0.3553830949889606
0.3420089743977793
0.20787606851627807
-0.35169370097074454
-1.094572305099724
0.5724890837423672
-0.3530574446056734
-0.03609793333134998
0.10729939227290675
0.9623363229512878
-0.552566893306537
0.1014422100846366
-0.20250704861168578
0.44105330378878715
-0.5944436844705586
-0.08401871393896519
-0.36191681510359713
-0.11489363487162002
0.43918950544564195
-0.20221435077863875
0.48461828317446676
-0.5091409786985988
0.6189418115199452
-0.5785828078611929
0.20957240392422308
-0.5098511342544427
0.05055908835378108
0.3004261032201075
0.007873626074958945
0.46020590215881485
0.4825743775631274
-0.12844132970193195
-0.38747332602630485
0.399691775266161
-0.28688426161145536
-0.5122665988716736
-0.1532099250862342
0.43875991323666125
0.043809513414555634
-0.2615582470685193
-0.2249843373876825
-0.5231526304283458
0.43267062987763577
0.11990224934392729
0.5559109016875978
0.3773476685924479
0.8191728117722534
-0.18926640659904578
0.5435894409723495
-0.5021337741113461
-0.20514251029365002
0.4942051107382727
0.35229543724507134
-0.05042826571536426
0.5151309721869135
-0.0609461902393066
-0.3679102382433219
-0.1973551547874189
-0.5175563663449493
0.3414921505640559
0.4100961633820734
0.017480173603756366
0.502338203152704
0.169880650344767
0.5883912465059161
0.42119536993080525
0.296433901429373
-0.04580987873051664
-0.028608473882644054
-0.16455448245906631
-0.4504946567816058
0.42902697526231076
-0.3353766451726892
-0.20142851453551974
-0.06684993110592541
0.48275552329582894
-0.07448806619308175
0.28350553271519824
0.20649239544049175
0.1569384956841322
-0.17665752222404993
-0.2987057328740028
0.5799867374107754
-0.623185173807342
-0.7161479277238842
0.21395557280207245
0.4638489483762438
0.2669610845041606
0.5052045085143582
-0.20325813515026014
0.2787534149100562
0.37722256096878304
0.17547424493273228
-0.23521539051642212
0.4913607629144255
0.42994275685242794
-0.00742025441987054
-0.14267462504798545
-0.5604035163626537
-0.28820883517706236
-0.17372744080902305
0.1326463232880537
