-1.0507691144545772
0.415949790785843
-0.11113779574838233
0.6359568769259598
0.03765519466650013
0.3649508094380345
0.5230383784356303
0.16877089115196955
-1.0119375849120122
0.11773607184963217
-0.03193098419188292
-0.45186991889838046
0.16679099463726357
-0.05706197135635239
0.09741508140946259
0.32366369288944186
0.2534805607014197
-0.416139553081008
0.06007430251653022
0.8830514957464132
0.0876298458545899
-0.30842318290965864
0.008071614106426967
0.3332565070957933
-0.6200108066316311
-0.0895155145050092
0.5181990103354689
0.03268703778724251
0.015973282857452233
-0.41291050830456144
0.42795362559431305
0.5569419077144849
0.08036416726319302
0.7784087687208252
-0.040850473656281965
0.009640621935031943
-0.2969218704016253
-0.0500252194688086
0.4180575670414883
-0.147633926469481
-0.6800983133814884
-0.49849420985811904
0.4847903479212907
-0.3283149760213635
-0.06294208354232875
0.46422945914960456
0.17399644958458105
-0.49061433285589584
0.7508482662648761
-0.5599655053962891
0.02674743851189787
0.7811861363201856
-0.05650183390954006
-0.21516761331714265
0.4395356839717636
-0.08755365950883415
0.03829177803660943
-0.34991919901360874
-0.028682498257623378
-0.7156084285103113
-0.4994363608065378
-0.8864103515989514
0.7784040854167097
0.02971227974739521
0.40796672154950914
-0.08966086807873974
0.48374776975560946
0.32776126564992986
-0.3203487374325755
0.19308455016227688
0.11700235525798057
0.49330682573506457
-0.3756541606001483
0.11450465413667102
-0.5795941177724739
0.09720093641273019
0.5578152910065766
-0.06331083996744886
0.8421605583619538
-0.30699820883052037
0.028655615549819755
0.22915220152754753
-0.46541785226319543
0.5640755945650613
0.28957485146523065
-0.055498200491408814
0.6682215295241574
0.23961193566280367
-0.0556024535651274
-0.05979629728732627
-0.08436427712456132
0.04863923757964035
-0.06323883743965832
0.24020935691968304
-0.47033956724000986
-0.7233967878331383
0.585005353774225
-0.35440752580809054
-0.10367768463783128
-0.7754563596997412
-0.264217074968645
0.7368334114749926
-0.3201904518000937
0.40789923062287475
0.15760129086869942
-0.6338403741995247
-0.3573694139704559
-0.3477903275224141
-0.05790830210113899
-0.23872156317648247
0.5236106106694544
0.05862280285233297
0.2485896037525658
-0.45971124773423166
0.02474535952075354
0.42653504245456797
-0.6226973968859978
0.009764699336273245
0.37920274889619454
0.07598302048098961
0.06437575276121146
0.460518588921301
-0.700691700640684
-0.0362423243217183
0.4349903497359325
-0.5069941523915312
-0.5856921641196637
-0.030231361056388652
0.09180746588603404
0.38675958036086433
-0.29335932685723065
-0.3929077634979494
0.24711212086274575
-0.46357770513712365
0.568720091837995
-0.7341497235575013
0.5029970695273537
-0.1400104315581952
0.3204361116081943
-0.2749828430279161
-0.006980300091239215
-0.0074483302312004
0.11601160269339407
-0.06248988482922697
0.07793931178583191
0.8787553720959327
0.686333260521805
0.43754404734493557
-0.22157998874786666
0.5744420509955998
0.04285398308457068
-0.4178704334307658
-0.3428005908974222
-0.15318250107704454
-0.06559110611283557
-0.278574149180721
0.3932958743705752
0.40192637990657504
-0.7784891919421095
0.36735917212252583
-0.48509235892074337
-0.7870184330791711
0.049250725847420296
0.29517645350398053
0.30683499413944737
-0.20880617708087834
0.30867909046096115
-0.013009962877072184
-0.08900676437234892
-0.056228058972326
0.5218786365550717
0.35767803674086096
0.3155658595317406
-0.13982307324243226
0.5001217373806522
-0.15010390239737714
0.8396460104861315
0.41266033216853487
0.35971741164443083
0.0736173860991688
-0.5155737494258766
-0.13817932933725866
-0.5225714636794405
0.10625114057064355
-0.17657724878167333
-0.02160278706636761
-0.03565199075464906
0.06633416002216225
-0.389671863856285
-0.26858869800893453
-0.26164489775868816
0.3110323998265878
0.01219488758774244
-0.04698422369997147
0.49601896120645805
0.10732058437854787
0.11500961362545141
-0.15119149945212276
0.6581611630734607
0.04496046909809303
-0.8329701251824275
0.035775491041550686
0.5309100087133491
-0.4201902578711155
-0.8672964658819392
0.005472244954763705
-0.01140408646146145
-0.14460117252051868
0.19808400600469928
0.07296553870191375
0.1731480731963692
-0.6095694421781928
0.48721446389945616
0.3842914730672715
-0.2977533416858625
0.7202374982068498
0.5854215924000131
-0.18637982801577072
0.047712764027605645
0.3553067066018799
0.06725130640421283
-0.02820574936870911
0.16600501922467462
-0.13620110178666509
-0.3625307481573334
0.04714440019324343
-0.12113073660894771
-0.3385578242618835
-0.21116442194235444
-0.16505422557914176
-0.5132652166341203
-0.05473273798263722
0.3295238164469428
-0.010241221046076672
-0.0161234895905119
0.22107251595470373
-0.052352048231203985
0.7330470036734986
-0.5594431622777993
-1.010628179562643
0.9271530835520183
0.01518784264735645
0.5899235474639882
0.12562555832084946
-0.6324488502131872
0.6975246278138217
-0.18784174931718156
-0.22053708825136342
-0.1572433378582864
0.09376950595494198
-0.5947814702077128
0.3814919453900475
0.6859106843083781
0.5542906867123677
-0.011573059691509974
-0.37941280263377647
-0.36373050293505094
-0.07634636583655169
0.47434148672835175
-0.30495475986061993
0.016840919026400964
0.5944565668165465
0.009203880118257192
0.24820052627531175
-0.3770489443933337
0.07327772655603629
0.2997660839179878
-0.12468338915617803
-0.2833659131990299
0.342698888485655
-0.056267310551876656
0.38898528523515385
0.20520782333995127
-0.5119110530672688
-0.2191955394041831
0.30885504556118587
0.47492962945868544
-0.40702766168322185
0.17462385184982904
0.060675376431223484
0.21568820219988025
1.3890654071278055
-1.2219981709515015
-0.5721764899277767
-0.21532033931994704
0.1927630937754653
-0.8073313744713286
-0.6909709550260624
0.2956789270212198
0.24924012573298468
-0.3589311394395964
0.4905161964517051
0.07651916798258188
0.07392583411705392
-0.31550794248372416
-0.37624219613051185
-0.5477567183512055
-0.060598293590170396
-0.4874511387722708
-0.10105364546634282
-0.08212959653499857
0.22164537913253696
-0.07966799610177283
-0.09490197620123196
-0.03244812046310676
-0.47180285171864833
-0.5457391053077428
0.028672244346258195
-0.5795839954536834
-0.31266631590900457
-0.01677637629437966
-0.23571488263929896
-0.007846828835065779
0.6712279351030019
0.09496855683610328
-0.37384510679843974
0.09358038573924865
0.07200124214515084
0.28680932165139705
-0.35561122218982283
0.3357563453265888
0.4125788585775665
0.5733544105017354
0.030451579786879037
0.09468332145785895
-0.3383010447088761
-0.24127593933016175
-0.016855153612707837
0.0996863761738658
-0.28790228357345254
0.9953326126515353
-1.2466759848191424
0.5615026227341228
0.026136304067697062
0.8869215278535191
-0.06275121222594471
0.7185753753090439
0.6070521279461253
-0.34252496258845533
0.5481574387236781
0.27143610264040496
-0.2199850659844207
0.5233377224429825
-0.11000831245641614
-0.0326320074533676
0.4679176708901976
0.7705389851027504
-0.972338887827359
-0.02161907808214852
-0.686964025658584
0.011050215423530947
-0.5552877724805334
-0.33000668121293475
-0.5952179193841279
0.6137435459961436
-0.29303233909332466
-1.1131168586816989
0.013128338471123116
0.8224176227195625
0.5232059471395321
-0.05491528544800025
-0.3341076011055727
0.04842949929722611
-0.3683500009037963
0.07965815811151754
-0.38054153906055616
-0.4804695518079627
-0.08628520599375754
0.07180799797498097
0.37683222319633763
0.08429544905864415
0.03603608215390165
-0.1219475596523401
0.046069230889523624
-0.06926621647992029
0.3817765411868566
0.4317315629413095
0.2533090996884945
-0.04749769908284332
-0.01872009028989511
-0.26656825179414634
-0.5535915945022281
0.03380417354390279
-0.16376455648167687
0.5041914646297673
0.2988731553146123
0.08488148777312192
0.5043568296928502
-0.0738988892382236
0.3153785105304424
0.39791556101356423
0.011418724467541793
-0.2890426099667908
0.7141652674001663
-0.10513734115529202
0.01876239988550163
-0.05847392931092755
-0.11314389135423486
-0.0861816553390929
-0.14963561691951233
0.01640335487834734
-0.831620970866431
-0.033458836675077375
0.16594870075509924
0.4707076103279404
0.015941699113382373
-0.31842770296952866
-0.5021703921884668
-0.12685849783894343
0.39173919058918705
0.16097734058647042
-0.01706948218070583
-0.45554725534137736
0.037587582938692014
-0.19140113726280975
0.4074482028376463
0.03528442716708692
0.09677562007685594
-0.20982946437652794
-0.11080208405247796
0.2701935310146981
0.317351910780401
-0.5479513085582138
0.014073275625302363
0.7531566860892659
-0.19339988490082757
0.03571508415721483
0.41706965305009286
0.5523369267325842
-0.28080561720020253
0.09462121240404489
0.0017549611440015424
-0.036517995291592796
1.0055821895036288
-0.42114092506306794
0.657922073335083
-0.026281789921579573
0.31459495133372983
-0.26920713117990774
-0.003261422900570439
0.7150830970458266
0.2754471304617458
0.03531132433099049
-0.08809462283439344
-0.8078022668898035
0.4490454769721397
0.2459733586340853
0.984495452787158
0.5037291482790327
-0.35458716162813647
-0.359002015280832
-0.14447835331627662
0.09538915769904428
0.5274318991087052
-0.08192422864731701
-0.5680709681988418
-0.025900436525585418
-0.007117308165441507
-0.45190812532053726
0.28484518528674824
-0.11427047657158412
-0.6359103391119175
0.642814723890183
0.05602973168723805
0.10832490875962572
0.6214734635584
-0.08183182132956211
0.1118691207931264
0.2717093333027876
0.4966737612670711
-0.163703887656467
-0.07685404725423348
0.538962479360574
0.9788777431645741
0.17022541295743462
0.5254012528314194
-0.22028123885255438
-0.10543957796677707
-0.02274411556803493
0.4074617356517458
-0.16626313272076476
0.1416271434226838
-0.40488904719012586
-0.31322490827465654
0.0020080113556862978
-0.015511508748146734
-0.010749993885033173
0.40619547473561624
-0.20586212323779768
-0.32136786111354065
0.3209832906257472
-0.32559233702577794
0.09136137490883503
0.20265292552009498
0.2602052702330118
0.145382502142308
0.042704986105409556
0.2003843384255006
-0.028229420995069796
-0.5985627813299061
-0.5283525310371354
0.04247693678572508
-0.3050235181797303
-0.013021670292403874
-0.476675676237459
0.5658347199123388
-0.433876302276267
-0.09531513875771831
-0.1893778007916771
-0.49216424226003075
0.0005022274354587404
0.692121887012977
-0.23732392151304355
-0.6367979208425856
0.3847585659594197
0.19698843016159376
-0.19126429410255982
-0.014398131495054228
1.1361292432027918
-0.8751890541551909
-0.05078733783884065
0.05948736157876039
-0.6336436128945856
0.28318905095077374
-0.053218757833715914
-0.6766645282011876
-0.24964543280211945
0.01888752711402495
-0.0507187485662468
0.21400799210077248
-0.37034031304444665
0.1556314672326327
0.09428105642338441
-0.25582900366473915
0.1398971595955968
-0.003990829007539614
0.4979032217752661
-0.37546386030048023
-1.0698159234357092
0.351377261859474
0.3690433699691882
0.4282695909044585
0.3030723792847281
-0.5259524086657404
-0.3935802029187931
0.009790319524554851
0.0602319568550483
0.37994353088465593
0.5177191523962323
-0.4375637469537622
0.1006685683636019
-0.2596289804221251
-0.02896163682062355
-0.08260263536636592
0.5522127344948764
-0.5414369053341669
0.5550857397707147
-0.5470472901140195
0.26691641112114467
0.061062489003034424
-0.0056969392346612
-0.5094095821395943
0.33956422271991443
0.3305683661880299
-0.43389984753938776
-0.41522539802998154
-0.06715416637871946
-0.03858423038614038
-0.06406855611081667
0.5302099773556976
0.14453681472699312
-0.04156680157258613
-0.32614922629084564
-0.3669043329500172
0.40096742430481863
-0.24809205738076825
-0.41282310337423356
-0.3762265023896676
-0.8442529470895537
0.3588529511599128
-0.9910462529128937
0.14955242675428512
-0.3162311553726075
0.31368420281290843
0.020182524342645045
0.45032918619715206
-0.455030308555622
-0.2735309774285279
-0.5534245893897821
-0.10320589214744279
-0.05383844154194634
-0.3098219787712026
-0.3665861454505699
0.28591858574194107
-0.5665383099083039
0.6311655086617071
-0.6630594181622774
0.13612468534803898
0.03090844385140881
0.5315766905688852
0.05036258347525153
-0.4873147055342932
0.41752206890674
-0.0383692948813368
0.06852212299888455
0.022820609650774256
-0.1344661474338514
0.315195346697567
-0.0956092274355149
-0.4278971428040167
0.04149990375691489
-0.6026165705847584
0.5624955704864416
0.26373883101477974
-0.005291542628121935
0.3427581634461145
0.4629175846558699
-0.05156001776349712
-0.7753442495688266
-0.17544786254789424
-0.35565812491166016
0.04257617405672639
0.024443336580002074
-0.2497448778691597
-0.07221492298871017
0.20273085105684485
-0.05154265256353488
-0.7362894308014978
-0.4603092239580528
-0.01681385913415755
-0.24456789553229874
0.04855965536559829
0.538997232365545
-0.09534010533173837
0.5177386009773296
0.56341654511425
0.08323873474096716
0.5904493861820419
0.7872850638118623
0.015444944941911828
-0.17777971557099143
-0.018864884228384487
-0.015963015848995166
-0.15897975770106845
0.24332394561822815
-0.5043039696783869
-0.21089666028567944
-0.7279692664696553
-0.3730336848915551
0.6906627363400372
-0.39873316337582143
-0.4709528828996923
-0.0039743431588826475
1.1576259086599987
0.23843100851902055
0.3576586039779752
0.8190235643831856
-0.07287358974486877
0.012462625624395209
-0.023106022033448272
0.04372800922666905
0.0976065857459802
-0.1820919906997041
-0.8721889573703139
0.12014573795754756
0.28814909637766833
0.09449379711341618
-0.7847389630256842
-0.06493089203063536
0.19768503903435003
-0.2912996128989033
-0.4924457913992753
-0.2077572324126844
-0.47865808881820776
0.08594695880954083
-0.5466290475875765
0.11279678540788811
0.3807843966078298
0.03153918420943899
0.037143684581650856
0.14390093571655688
0.5294327538576638
-0.07908335249898249
0.006569437220764096
-0.0017901204644588308
0.3093342806805656
-0.8794377133872994
0.6365563829755051
-0.550236104078294
0.6403290804110139
0.1598428323968637
0.06988450650810499
-0.01633621025557368
0.8086448051940763
-0.6682957049469874
0.3196064411084386
0.028524872396955364
0.0471588827701983
-0.023955888758940797
0.02213011726484923
0.08207654292468505
0.047703833341312396
-0.5102783896579333
-0.23439068694816875
-0.744135382596671
0.37818859732560234
0.04225421018126983
-0.15142292803054683
-0.3557242335664376
-0.10870080054375236
0.5906035028547821
0.6885544380509038
0.07783593516957044
0.9835918661342978
0.37821383306940576
-0.045037371144112756
-0.5802355347584386
0.07007220791521936
-0.05232060478624187
-0.28942154472262793
-0.37673384346177974
0.8814952064012096
-0.046591383421249105
0.4259376347158525
-0.05911471584840683
-0.07886210398202721
-0.3787344427608523
0.2824864257087699
-0.04038193705273355
-0.012326840443284985
-0.5762434077006264
0.004733412203356558
-0.4455168175247913
-0.2745398739982931
0.30208995053758636
0.19990998061111517
-0.1056370879528207
-0.34811809665560983
-0.012353562371763587
-0.18601601557589897
-0.3134060855435546
0.3100266137782788
-0.3492624113607848
-0.6252762465170159
-0.48815234069333124
0.23297661294154948
-0.4280048353209818
-0.5292124271855978
-0.21163430078159004
-0.17881989873532753
0.06243659262002681
0.3784779112089634
-0.3645476529604004
-0.09464515755657116
0.25877723659673413
-0.40376945381332846
0.5447307931230735
0.035814400756077606
-0.039791473402401425
0.5575646806933806
-0.10292417621652844
0.3477703324601928
-0.4016659581593457
0.45906028033894175
-0.5726540867352764
-1.223933591110041
0.04254980783393517
-0.6279117130217622
-0.04699087016822532
0.05794661981975943
0.29465456635165904
0.23841441366779936
0.12567305633032602
-0.361497183462519
0.5520320327429414
-0.015323019240432272
-0.6901503695331436
0.40153253318337706
-0.4632003429024758
-0.1958260334846347
0.10233036213151117
-0.24182312349006568
0.01989187915864708
0.3784180727594185
-0.19574313660954942
0.24337327890834973
0.17355788254233384
0.6365914948658103
-0.05886121779710047
0.5386312142715625
0.28259003536233185
0.2225413851132836
-0.5781257379695628
0.2698924146630325
-0.47339308785010603
-0.020864254340207816
-0.3987557861214902
0.016671429265819757
0.23081907865616844
0.19191902563743737
0.10435799197969127
0.0228634989107954
-0.3513227490491167
0.5178440809984393
-0.01817760114138608
0.019552913366465936
0.04189667845458766
-0.02868066957345049
-0.2998221472802333
-0.05045998216447363
1.2417971890110806
-0.06278616335707604
-0.07899127896207152
0.19133962693519802
0.5236465175908738
0.07502409642477136
0.31994074039024223
0.13356153892941802
0.5373653039684696
-0.5938614660732938
0.029789280577186883
-0.5806839037556046
-0.9038100490278155
-0.08118364273503646
-0.3284746627140563
0.2843543269727535
0.38683471336212594
-0.03182757366242885
-0.3124825871809093
-0.3247736894294704
-0.41344017623566476
-0.26192658190801454
0.08390755373492352
-0.5092994334753332
-1.1130562986262602
0.8398244033503792
-0.22308819679821681
-0.10174747312009874
0.46609548566287384
0.4947192033227595
-0.5579115686839663
-0.36713129288643576
1.1736217179309683
0.004613295202948193
0.06449828715059691
0.11002938344508477
-0.08731838179115939
-0.25296131371618863
0.08529891238234885
-0.6143598189430205
0.747291131192112
-0.6778991625706646
0.858510553485978
0.1345239462138885
0.31332170075963406
0.3287126579779433
0.009284728380299128
-0.15370699720619443
-0.05430624077302603
-0.014505754304636742
0.0980884402514786
-0.36995139368780744
-0.13279732265061156
0.10942476588341683
-0.031055767532061695
0.035907715700329905
0.010717304605821935
0.07958231395962417
-0.8804723415618315
-0.040226734603585196
-0.03308681565007169
-0.49656870092710154
0.4116165121840768
-0.2518030194068661
0.013639986310499242
0.3545049742030714
-0.44626775871912727
0.08105619523880478
0.4730624731825871
-0.567432239814415
-0.3769056247972351
-0.1730432070125752
-0.001180653876509976
-0.026288399214005154
-1.037458679048355
-0.14053288039075795
0.16946148634749708
0.5524643054525495
0.16542677082577759
-0.9549394224802031
0.3521277556618847
-0.02193900701908688
0.1467695101247052
0.5804805010204394
0.2821277400609707
-0.08633399326171226
0.6670886683900797
0.3344075258586632
0.3497247107396049
-0.19049881768016955
0.09449993290346025
-0.07422992500372358
-0.11325797584365922
-0.34001236651947625
0.09870168926409559
0.005454921228938911
-0.3715671078803882
0.3154102383785014
-0.2544455239478666
0.07634450883802801
0.3912125745765874
-0.30272541490807203
0.0024994573925229747
0.1851768089717655
-0.022427697246181447
0.6090510027028436
-0.10284631741725025
0.10558715555237483
0.10393141793521996
0.6048923696605705
1.1136529777577784
-0.3558892910241179
0.48364049655834973
0.3381580724524277
0.4452674365615005
0.41814059484468624
-0.46960962583448806
-0.19904508077638206
-0.0583591810516966
-0.5008075670135336
-0.7665422142994022
-0.5094659743202629
0.07241124801204182
0.08099295540627412
-0.10199281449756058
-0.09818028092650063
0.863060344421835
-0.07679702598989567
-0.29116066000779345
0.30703593037562915
-0.3287374609688565
-0.014482083276286849
-0.11010283608233024
0.3194270677798173
-0.5363064127265037
-0.3388018797221483
-0.4779883148749416
-0.5985655002999938
-0.017588008098022342
0.058487891388316574
1.0200911294336406
-0.57539399225481
-1.0289096646151268
-0.19947369592715816
0.2637768978107928
-0.2225714385477526
0.018314492147329494
0.27302657892283694
-0.44348692040844356
0.42630881969519413
0.11135468291165135
-0.05754564412970207
-0.8370181107117132
-0.11481509448856611
0.36962765329694275
-0.5133574891750655
0.30519254314816474
-0.8181590769483356
-0.044533412950585737
0.70437998668404
0.031972435228613504
-0.05846859490290091
0.13043176257876044
1.0030161749976676
-0.28735702489883735
-0.4808319290743673
-0.7388998052040607
-0.2567195869193424
0.03570194878398667
-0.4631996455800514
0.08022820139992955
-1.1769769041004203
-0.13802977355542198
-0.01611864888564808
-0.09069791397516148
0.14216788679621953
0.0441923058929784
-0.09124353372984427
0.057876605564922794
0.5599024157451817
-0.09786430228695961
-0.08041989471065596
-0.04370194141215746
0.457943103172054
-0.3651344240832713
0.4897918307117833
0.3149491592299326
0.24029687646813597
-0.32564881500439447
0.05542780368688751
-0.03967302768565243
-0.3569735294175996
-0.1155898789514414
-0.4648132966291473
0.4656500896588789
-0.3343316120072564
0.49416079524194395
0.009311868495880858
0.23349540682332606
-0.09013743217404313
-0.6238688237466522
0.5510219322726293
0.030880806016131496
-0.18878753473915058
0.6420222428751787
-0.12223847752594577
0.00699825863564317
0.28392453695154773
-0.42977318909395623
-0.11621577819308852
-0.6814088876599443
0.3411728307312595
-0.28405988102362073
0.2287736047627175
-1.0687585446053374
0.10570131351019968
0.5390863121565449
-0.09722731708757384
-0.8440445092640425
-0.008356447934480883
0.7278762311968926
0.4676494123417226
-0.24236180868260918
0.060928313811853686
0.07478118054345174
-0.4985781680936476
1.0860811764039235
-0.30080452990465884
0.038150053915799655
0.5890236966535297
0.23457515071335858
-0.11252146499370105
-0.04041852680421469
0.5776928190680874
0.12994414605769372
-0.03203674997930315
0.07977264425803264
0.6900691270244469
0.19184231447807848
-0.32099451899223835
-0.3480277246049372
-0.08962498805087254
0.38894509045789505
-0.7032002355540259
-0.27301669109064486
0.21093756085271273
0.12367961647791001
0.8953592291489223
0.003458355727439339
0.054780115293177806
-0.5475371224383369
0.24777522356867326
0.363294494246288
0.10881189528788757
0.4640133526633325
-0.07692625629625231
-1.0715269906352713
0.06982824484885727
-0.3234526245275744
0.09859298504587531
0.48365228838574204
-0.010919584047668605
0.5780456885624982
0.3012205994355313
-0.046474633332216006
-0.305410316592523
-0.1725686751183079
0.36867673152441066
0.2610315796118756
0.013034146389710897
-1.2469915355230468
-0.43122873408654216
-0.2668478172957026
0.7616099277474511
0.5410761861001228
-0.4428874279524225
0.10811766251765496
-0.028860952967545834
-0.4248900539365291
-0.17265199574421541
0.37351453326715617
0.046062276543740704
0.6946378675598204
0.36156281751178204
-0.027540161742195927
0.0990087545700284
0.34322176200576243
-0.16702440789823436
-0.21989423241306924
1.3030516912224057
-0.12277163305204716
0.5717938131186285
-0.46261333080934613
-0.05373220920683313
0.057405258147133084
-0.06816234312401472
0.5180323248044219
0.42465168316815066
0.20249667952883676
-0.4774051186893274
0.14862379252902558
-0.056928694700521705
0.08468599466061008
-0.38882438663756297
0.040357031431289665
-0.022231760023262676
-0.0716771446309423
-0.5845008039114851
-0.590198895132772
-0.0755665457715331
-0.29158993748514533
-0.6068355767218099
0.03255023416394604
0.4729487797151806
0.014475321018681013
-0.39971292479839954
-0.07369108866246066
-0.05747004575263113
0.42442061349116994
-0.1467711276395026
0.3670245302096869
-0.002164799699806955
1.1228834863527795
0.3761519079852325
-0.006041259271319306
-0.322976438317969
-0.10894382118374109
-0.08400957771562635
-0.3752207852825613
0.7070808166433725
0.25800362606214594
-0.1557943685312894
0.577602792810042
-0.27368179977215
-0.0855119669297011
-0.009523458720403452
-0.5222277572594619
0.0784635654775299
0.438533762889601
-0.04242839232120109
-0.567644854622301
0.1657628323277248
-0.8087053010096028
-0.01268609770953414
0.035954200944772516
0.5429892328910854
-0.14558521012306977
-0.33127867091158864
-0.5286589821009257
-0.7115084457471994
0.3335361965067734
-0.0825794403783957
0.022253948262423977
0.18240222235319603
0.06513136833607935
-0.503310255172194
-0.007229508220586608
-0.1561340002263961
-0.487521662920381
0.6934672411244761
-0.0720394123604364
0.010029350941442465
-0.11035936276963813
0.577086035761716
-0.5223296715405457
-0.058889291231911244
0.010810836126732361
-0.12049534798586917
0.10061773819199561
-0.7121148848965482
-0.3894773137841505
-0.25943686825166257
