0.03333765995253917
-0.7041348067517413
-0.06282090310000714
0.3851334522222994
0.5740186460131435
0.01602101923063742
0.38785085367446753
0.25424718982725836
-0.8123674461511993
-0.28437486412767565
1.3963124898025892
-0.527843544495755
0.9875579469476835
-0.20254932097563955
0.5201001251253343
-0.018846738286617978
-1.1873201682082553
-0.057895330694736284
0.480518653831734
-0.0597088260991474
0.004803248390415403
-0.06995205454804833
0.4933080722958806
-0.3511605791137809
-0.44007786896419193
0.4538960047498283
-0.7355249280934992
-0.0614248146088811
-0.6717880514056466
-0.877450745405875
1.240513800259829
-0.3873214547445472
1.0341563744333064
0.43674179268962926
0.4824662932245826
-0.07617488812935874
0.4471228851974447
-0.23691011059303618
0.4490020718132127
-0.008568855693383384
1.1613343232146782
-0.4232092991440703
0.8597875312186943
0.0639174739275202
-0.31847347330440096
0.4831037734835196
-0.4375496393232249
0.4669960497352403
-0.04752882441850496
0.4472546989083415
0.5062171005937881
1.031070457426349
-0.04874036100297604
-0.07421680440716627
0.03478345653246878
-1.3849065660049165
0.596826963541671
0.35343997410652006
1.3408376377319648
-0.44740904991279495
1.1361258463969017
0.25819549300785305
-0.34942808020891825
0.023164143890672957
1.3600112404765667
1.3882790399735043
-1.15601453225907
0.5253260224950715
1.1930418243931256
0.6804754798315352
0.34666381417917763
-0.3708590907263563
-0.3419631903096355
0.42948799886957495
0.37938798561282144
0.005683142037993537
0.4995348228187758
-0.7920082558565302
0.6296036371827878
0.2931631600004057
1.3394124683794033
0.6204871853483714
0.993349990811324
-0.13778377127632105
1.3234648254636894
-0.768464323692656
0.6697949597993018
-0.3299473123324211
0.8897763041531709
0.016924169844318618
-1.1642200755501029
0.7395590732950807
0.03343924595892753
0.6923748700109089
0.5852248020974452
-0.44119771561012
-1.1260996808718995
-0.4322892794938037
0.583270130883697
0.4349001039065826
-0.028790670061939867
0.06656785593307876
-0.4348840338534735
-0.28751603722976155
-0.5481646565541658
0.060460340008836266
-0.4729896867402748
0.6667574807472599
1.3436408609761643
-0.37697227264352307
-0.03923885209955066
-1.1637184989507967
0.4844368314947625
-1.2009747798713637
0.41152745484766395
-0.3733821975580733
0.9065978888432229
-0.3013633891216865
-1.0320917324109162
1.3955787800427086
-0.7638408518792852
-0.3916284168739065
-0.4312180511530675
0.7120329198742721
0.7895263880911606
0.008331100238250792
-0.44118604190408434
-1.3521466663871726
-1.2027079381578563
-1.0276606809034579
-1.0932505399550754
0.5356281065343014
1.1692462602726732
0.40266108485808966
-0.43157245778767583
0.42828879342407167
0.7763276403903365
-0.009867366380376875
-0.7747779786528148
-0.5496636918191922
-0.45309769667076083
-1.2965241837554653
-0.33732810387477835
-0.5487203789346426
-1.4359007930622372
0.7902892432814459
-1.2791149397186876
-0.36017012722407954
-0.49457257607216343
-0.5727616844525387
0.8085379011164292
-0.984244667236982
-1.1885948089935015
0.060754424043568074
-0.03682223966807294
-0.3532282012290961
-0.4799176982380743
0.0060609739280180755
-0.4414381273021134
0.007061127473753915
0.067378345251396
-0.511193556646018
0.7818994932846782
0.07366917905467883
1.0884362942197308
0.058878478680194475
-0.29702857907803304
0.446662063231523
-0.036199037103302516
-0.5709783570727421
-0.6303291011953323
0.05740056353139411
0.3722912248550795
-0.027414869857459077
-0.2406921258925794
0.06129141154036816
-0.014260071141596756
1.2015051866823345
0.7940526511453931
0.4072979520799204
-0.3769894843457307
-0.4669003485883065
-0.4974577402693947
0.4975522060002304
0.016363725067398242
0.8711598028761255
-0.02013520257665708
0.0077685356154671556
-0.008576005961172332
-0.43847441575597224
0.06086888936894813
-0.5115416098826423
-0.29135509038622154
0.42367747678718487
-1.1283820475917659
-0.04503983776904238
-0.4462116449333357
-0.9103081383094669
0.7832242747684864
-1.2926708384698697
-0.70477045760106
-0.32789251992220914
0.3117639716922091
0.4212040086517313
-1.4416162229012348
-0.4376048258538837
0.9662664464739915
-0.715533876651843
-0.4399423226983041
0.45415110597773706
-0.0834027555532251
0.9665469651524253
0.6800180628644644
0.2924278647743134
1.4098317513226328
-0.042534387392578026
0.6201514377395422
0.8542893126203924
0.9970826227374294
0.8762962851113891
1.0526234171896904
1.3459095489555295
-1.3363798789024692
0.02102175322047649
-0.6386758813369225
0.3087256730180642
-1.4033308858331022
-1.038564837948244
-0.6957888976872995
1.136639526450612
0.46799995126362565
0.4428344895957613
0.4626889218225984
0.09857007961008805
-0.7623120999961152
-0.7694222810690807
0.41711789949776756
-1.1605520320775642
0.6887547736288945
0.6319744732224125
0.5731491833772484
0.5706570358185361
0.055772451865270516
1.304748181251602
0.027734027879395776
0.33232843319360544
-0.02267464803385559
-0.8935328895323338
-0.03796838477921721
-0.011583198067321766
-0.4060327390048934
-0.366955703899541
0.03619071657446235
-0.39984874399894443
-0.054647286323397326
1.2901734578859267
1.0670979717421758
-0.8703298332931171
0.07121168509027981
-1.5678755812700547
-0.7916833858087091
-0.07677948207095184
-0.031238205820501394
0.6064377499575156
0.6323992128859163
-1.1050836600820577
0.4751664367306107
1.0867825125982544
0.9662201875061577
-0.07752694874951593
-0.951868185111104
0.31436521526497074
-0.4092686083126229
0.027833102919818553
-0.4777239748546804
0.5176567673851706
-0.1092286537264104
0.04224685342078749
0.5061908693203082
-0.9595622804925079
-0.08545579077249336
0.06482708668908792
0.4865365725311758
-0.07524322061814728
0.29605152251299016
-0.6257413685782384
0.5482944418124623
0.0012665201994888427
-0.4049352329044955
0.4548428073551774
0.9747479186765869
-0.34637080291896005
0.44847341019309783
0.08391594261796648
0.5386585268414774
-0.0370759915205758
-0.42159123809995447
-0.7161131209318843
-0.340356994608633
0.4494572955210084
-0.26370678920478124
-0.5852849974277045
0.11791742063739981
0.7067504654391638
0.08536576527156786
0.43273353281312427
-0.3662083609781027
-0.4056509276628471
-0.0439722399667446
-1.3051897313814755
0.06104032420553393
1.248852469002052
0.7654165790336944
0.43541003369717474
-0.47393285910955235
-0.5656146914391563
-0.01783326458785752
-1.020759591060973
0.782704572676228
0.43941354673064914
0.08772666606942363
-0.02244084410738221
-0.49282221439912477
-1.04148450947694
0.750747234669038
0.009686815464862924
0.7472698759111932
-0.4285929561489515
0.4252610604061228
0.022979277581138168
0.7802609858536217
-0.07537720883087355
0.03092576251899191
-0.3374568398085621
-0.04212285274165512
-0.01834892622805056
-0.7722665381781698
0.3864496448019333
-1.0753743304354095
-0.40140883362665997
-1.0122612663566415
0.07956586305315196
0.00776077313559841
0.4066976302950316
-0.029927757408882594
-1.135256615440629
0.44215819095876957
-0.7749783473894055
0.6939351268467147
1.035493786092048
-0.6176156656501677
1.0386293746769857
-0.030803802612362957
-1.4366627440495825
-1.4981716370195697
-0.3794613967239901
-0.3617129751400578
-0.3734456360435795
-1.495605086925549
0.6653723514518044
-0.4711421662010261
0.09535200862069582
0.7548429072556904
-0.4197209840082204
-0.5399749314889187
0.06458972732470317
-0.5059450049927049
0.7462237284075031
0.44786828742206247
-0.9944679176134319
0.9267749397406306
-0.43615534801793115
0.5151675444114836
-0.7299320068795476
-0.03127616202032351
0.3988442424839252
-0.4562505496332072
-0.5389289872940305
0.37801132052106706
0.4261008920888797
-0.49062178839974796
0.033350788632702424
-0.5805707431843962
0.8249345715394151
-0.7767620843397666
0.7599026225260991
0.09791502389247482
-0.41220828598972165
-0.436272005790162
0.4305942670346796
0.0755861930383441
-0.5157176731854097
-0.3195013898970378
0.07146853695055308
1.0919195087520992
-0.19026056738120625
-0.026971107135482383
-0.4651441519319499
0.8487804828393983
-0.025392693100564644
1.0918039548054788
-0.0335149069925011
-0.4144095170686625
0.39137669589145707
-0.6519019062591817
0.4473083122397398
-0.0584099433095868
-0.07819165729419018
0.38363351018133285
0.006417782895688998
0.6896358386913733
0.5501987852057793
-0.06112651444496448
0.47921317152763343
0.025321670439759195
0.5240074638765339
1.1008092966249918
-0.00679767258126587
-0.9851175196382679
0.8747294731041773
1.0036949176884813
0.27679367265996735
0.39529037501158326
-0.4304769362450646
-0.7871461038938716
0.940775041045501
1.1371442363857471
-1.100032366654884
-0.009669327894421445
0.297475991968939
0.41991806062525056
0.5487349432171218
-0.61628650673239
-0.030850642629446416
-0.06712206321152736
0.46795604756380543
0.4872381208433285
-0.7497470001091553
0.26084575569221186
1.1450689604618465
-0.06552159116168686
0.5079694626756852
0.9981709300453531
-0.9757710646538472
0.5106925055729692
-0.000830643994846368
0.5388092120371276
-0.04565045335322278
0.9685693221305165
-0.4175948796270729
0.3520404534573005
0.2989946980553023
1.0342806253165022
-0.09836547171932863
0.44377258399201597
-0.6982204477083361
0.5384368796593112
-0.7259814760412191
-0.05816837584223628
-0.421103979253344
-0.9300888222947313
-0.3689860525568772
0.36095978127773254
-0.43866846541889576
0.6368388551324372
0.30257794319006237
-1.1390641081217816
-0.4244376275742651
-0.3854260175525988
0.6416055871701196
0.8038191684379256
0.8090930252141814
0.34600010813567456
0.46360787766314476
-0.2519644404352234
0.587876997528613
0.583962957100782
-0.0393950076531315
-0.3320307485150644
-0.039042387134124064
-0.44553259268786777
0.27949050084069904
-0.7605627453009691
-0.045021085585391314
1.0665490042316643
0.03705424021112372
0.05944541012134108
-0.06428839283126951
0.8937448507781385
-0.04758530500159663
0.4467631058886606
-0.06970492213534167
1.3061477691529002
0.6633645240661497
1.4591274183395744
0.3776306029226376
-0.7917547482772012
0.41003713501284506
0.7321403875082703
0.8831750857574596
-0.35320745465978853
0.7873803961593477
0.40339228939998806
-0.3484833532037625
0.8886445229442586
0.4079706985965725
0.43694390619407497
0.05189164795784255
0.010234742051180565
-0.372010714876468
1.1825811442561347
-1.24213780217541
0.03996868587465395
-1.50468450225732
0.055854258790200464
0.762961916090314
0.48966185340032514
-0.40927075085165787
0.7353882651023138
-0.007031420503104176
-0.4964296619945975
-0.44408931618810743
-0.43240126429845094
0.20908696010716854
-0.9845125843966903
-0.6049909418479009
-0.43526892654097105
-0.312895087027904
0.4437724213889968
-0.009628396701833191
-1.3264827448493912
0.004705373470996988
-0.5768976608313716
-1.1404200177320436
-0.2480196753828556
-0.5182751411947149
0.01783639163339114
0.43581995616820496
0.4359751544714989
0.4326527372017752
0.752608068906782
0.790240985867452
-0.44007430960907035
0.04847244453904574
-0.5858924030035438
-0.38403954891798286
-0.42453268384219767
-0.449363658683252
-0.03167128408288196
0.07349603559776288
-0.045102857769487616
-0.03675220264064879
0.06243197472794863
-0.4217522492402324
0.8266655457722885
-0.031996513874961954
0.7702708064761763
-0.9776140857113512
0.040740171404176045
-0.718794525214362
-0.2553254378785219
-1.3316114055294117
-0.44579872265212706
0.7451477846854361
-1.2950195917213851
0.09318856330324261
-1.5480174422690391
0.06599562037795713
-0.43670252089421385
1.4235653950138267
-0.4228299891385394
0.08465181008765894
-0.5020585480918792
-0.4956859026274212
-1.1911989913331795
-0.509707442709562
0.4542847432220709
0.07106675233188942
-0.43742667017328174
-0.4850909443523829
-0.3893828932537828
-0.9948395652155969
-1.2939758752211366
0.11929418698922806
0.441902524121224
-1.0493416838639098
0.06713874356114147
-0.7476794968763346
-1.0574377863095703
-0.3415601626030732
-0.7876165069183305
-1.0155141437563062
-0.9771050745470793
-0.05904413262337317
0.38951894374719087
-0.69046036657556
0.062008034949832244
0.4456659630578169
1.259401985776348
-1.3243635311509103
0.026591496876435253
0.6650446961449553
0.37170341658935113
0.07665549967018778
0.40016396679243804
-0.4374461516658987
1.1624049840875545
-0.060460063016517476
0.49362359494131425
-0.8503655645113296
-0.37647420396465914
-0.7748762362689633
-0.6263289030477381
0.6102357959647876
0.4041678380126191
-0.4245964883502325
0.3693696179363453
-1.1430186617827494
0.3627171976629258
0.9728062177087067
0.9606217961895219
0.410098543616282
0.029221916871738914
0.3603780448976333
-1.151631415603487
0.28938781654410384
-0.037501344681267736
-0.802320365709406
0.594110957358243
1.0033974809309092
1.4312030455253961
1.2291748001290046
0.03561083770150911
-0.7903051148881143
0.11590067704210386
0.010409778837960963
0.3453401080260612
-0.06743645964412259
-0.04787558700368366
0.3614400218103322
-0.07916379590899149
-0.07324707254858137
-0.789857058765121
0.4600270403430559
0.5197438362777353
0.2807147412634532
0.5338256397414038
0.022333877635083346
-0.158904685438202
1.0105247114056373
0.4538412965778559
-0.754113267552155
0.5193356461070003
0.6637778442718919
1.3516262786642104
-0.7580155830932646
0.594090217594931
-1.2598991663701273
-0.00963624662725712
0.07098832983035556
0.5004289406126
-0.4302090873377307
-1.0771637382888135
0.37291221154996407
-0.10116889473241032
-0.4122541985122962
1.4063023881555337
-0.7148253473980983
-0.7757230938733539
-0.05785077032120503
-0.054676284567757465
1.3357469079855533
0.42481760482004405
1.0378086912638398
0.5831831738841076
-0.5524337141442034
0.3774407338354722
1.1981787508347546
0.47880025337266097
0.49459539259423224
-0.028961396288526224
0.3209656047874567
0.40609070569395384
0.6298368150696765
-0.06507457529730853
0.159792194577491
0.2694656012324301
0.8872449848160112
0.028348374542082482
0.1581548228297669
0.028749135908694226
-0.2013098114554514
0.07324141692224151
-0.7889011859984058
-1.2057945529285594
1.2269147394822886
0.02948096543674704
0.5183976188971162
1.1259146828374067
-1.36682038204409
0.20977755003950496
0.6831464186747477
-1.1246231645885425
-0.0043342602147957345
-1.1712483848226973
-0.5281139602717005
-0.4517868235143425
1.141603028774099
0.32737473163601244
0.40445823458147107
-0.4242155571685893
-0.8837566651018844
0.36832748982005337
-0.7336939418670064
0.7652509497114878
-0.6347390934884733
-0.03179834005446167
-0.4660064311110161
1.1993578851609383
-1.4168792594400959
0.08832619181352695
1.18168702919963
-1.4187300434549
0.47951019528593486
-0.34336546971216003
-1.458032028911333
-0.7633366000946123
0.6918505023012992
0.41395522438584986
-0.51952788866436
-0.8725799815772592
-0.34232258744694
-0.47905734545019263
-1.0067470926922855
-0.9687397533546346
-0.4226486737733024
0.06298326769181344
-0.6896178935647963
-0.39643831156261017
-0.4673604634710862
-0.4752870437879585
-0.5366727650616653
-0.3906768702798657
-0.7813565311818558
0.9280567183920213
0.06315920439203528
-0.2725259496870371
-0.45194923722283153
-0.49089008332285683
-0.461303455431064
0.6539551376791978
-0.9453378572605645
-0.43399283419429086
0.060261447295300745
0.4374555773909243
0.16905974903842333
0.04465090196978265
-0.027003748415897467
-0.6441175823262973
0.029407012578401778
-1.3226391162460038
-0.4064067012310516
-1.1845633579762844
0.612382254452958
0.06284448296823952
-0.30127897298984296
-0.9721955616039026
1.2857645136411688
0.04928745969339046
-0.49407030417736997
-0.3029275487544795
-0.757483265892708
-0.33408381398946885
-0.02865645848658738
-1.1898091996479139
-0.2910945168454849
-0.3821403202809513
-0.9609962648211753
0.29806966450608935
-0.48969355113423524
0.06668716264875757
-0.6716694791047766
-1.005928248820649
0.4318168782199235
0.3595239152147664
0.7809558914379174
0.025203506747714634
-0.5304133496278892
-0.5636663967341004
0.4898768565899571
0.044896065438685864
-0.5041662244293145
0.9865633631235181
-0.2822156377638106
0.7837118373428281
0.00001878711150562352
0.026829901708803172
-0.9417158268967735
0.42365462903816475
-0.22863220718188157
0.01997722798178573
0.007932033866268633
-0.05651107426207837
0.03809338139501924
0.011751698152562965
1.3820808005216454
0.4483630532302502
0.594340483045116
-0.3916298408631488
-0.04890389142541695
0.5168242953235687
0.6416307934989728
-0.7616202205211401
0.604776512871694
-0.062086930331195604
0.771142805619896
1.0566854294843675
0.6478361526991486
0.45546507010378223
-0.7765537100095384
0.49541568970882477
0.6544608388730927
0.0060045000879755655
0.01701038710217393
-0.09120388992216101
-0.8111336428705687
0.5938903155001607
-0.060519922234915556
0.033060947763293096
-0.4170651798561848
-1.1506069015541336
0.4329446890437856
0.9530817839122875
1.2652031343165877
0.6529391693706126
-0.8115836685074677
1.0012673278236395
-0.4206618501993992
0.05347108385745516
-0.039659907617110746
0.44427352697376177
0.5301795179490625
0.4316399507778106
0.7181679214043446
0.5377989143149366
-0.7208998631161594
0.4598257308002419
-0.08493924580403395
0.4764561041788748
0.2954055666547158
1.2662143419736354
0.4915736062389007
-0.061976202501849015
1.4268674490907836
-0.06577776210615989
1.157718221821419
0.12623974299199406
0.6234540747078782
-0.7768467693498395
0.3833483692870225
-0.4929224387190262
-0.05935560135493858
0.6056973832296431
0.07121984240724047
0.5304904708043926
0.6365805874680978
-0.005971425601928144
0.4424830030005662
0.4791998371721712
-0.05168349209960602
-0.3055588917343607
0.4436357506253326
-0.042715048970973155
1.093999522245528
-0.34236822428868285
-0.06058985557662789
-0.6409095715014743
0.6875585073448629
-0.8570831665305919
-1.1589908061243377
-0.0007396199589094502
-1.0324121338585732
0.6635650168540874
-0.24256854464829386
-1.1324684204582176
-0.9331628697856771
-0.36421826605138957
0.6181590982732796
-1.4304906741667158
-0.4892794888365652
-0.38497213425137733
-0.06758580495591344
0.7221951460313902
0.39347575766763443
-0.8010108852776551
-0.4189817408677124
-0.6592409793927612
-0.759457786980606
-0.10836827369868507
1.0435610901228614
-1.243562983933462
-0.37109498939563845
-0.9900390367835298
-1.191503194127368
0.06415486130556658
0.7972740726595063
0.07101414271797166
1.3923805047648201
-0.4276213212923147
-1.4703013982240452
-0.689989841138366
-0.0024913012981918592
0.25710317338170213
-0.9786203576072944
-0.39093573562082773
-0.9833384077803884
-0.023538732124885043
-1.1415282526027368
0.4034276482404243
0.06551179018979557
1.4372403962629787
-0.3111931246422273
0.413527891308617
-0.5756340136594112
-0.42624751568521463
-0.04211891742951182
0.2982538793080387
-0.220503899698807
0.041076602038422325
0.06229367883546056
-1.4852186407339123
-1.0096837429462013
0.750420027583824
0.05942483389132176
-0.3843146651577819
-0.47517168703875046
-0.5935087183800662
0.43681671148972834
-0.017737090153568336
0.038025955198924676
0.05302826936626083
-0.9094575023693936
0.05022800564515898
-0.024846782626880923
0.2921467411648404
-0.0038323561993511153
-0.10075171963248841
-0.6752907495625275
0.0410207077329037
0.0027936533102212416
-1.3026732362928484
0.4515347831483055
0.42033402806428904
0.06288731307293592
-0.984885011368888
-0.6281473391133163
-0.49149145681482165
-0.27993206946540544
-1.1295394828990861
0.13641911780589047
-0.9681226128313268
-0.5848473131388785
-1.4761356180883858
-0.0244170857754189
-0.02926878905510149
0.09159495329562763
0.9289890495731583
-0.33217526256568297
-1.3008303454623982
0.5470799624626174
1.1131308328831437
-0.4338622095773699
0.07496905594665483
0.4377946144611072
-0.016765439782208957
0.41599228677582517
1.4033179656182582
-1.0584218227487339
1.07851312882951
0.43657816963288376
0.7777838241319507
0.6064068733253116
-0.9397181182519068
0.7999273410876414
0.4448648290570104
-0.11587933655631473
0.07793381617658594
0.7063453628631048
-1.517050084855485
0.6873599587925568
-0.7137750000670519
-0.33889104800111697
0.023018666998547405
0.3926081462005595
1.4056349120280849
0.07091899076864823
-1.339417210697169
-0.47588618196218824
-0.3752429282445728
0.7864040377544799
-0.8308949516098239
0.07740974924075253
0.46290288074361857
0.9769046745867945
0.027176980715744405
-0.7038808848996079
0.7035984987591817
-0.33144251856458956
0.38113360155635057
0.5044170972697964
1.302609437252885
1.1851372017989659
-0.4259576086152233
0.018220090539782467
0.5353796825760153
0.4638353763198686
0.4897437329751725
-1.3388457886295524
-0.021905884024083475
1.355671639260078
-0.09169970461885803
0.3230248762703411
-1.0535171242815184
0.4027235781337707
-0.04471182740041348
0.5190246205447392
0.4658298730142658
-0.3737016868007982
-0.02163934654051054
1.2451592065087609
0.8024465665991356
-0.4307434074785266
-0.43430025622016527
-1.0021666489532999
1.4740657352329416
1.0301663570191275
-0.025446004847773804
-1.3770920083724099
-0.06398338252693439
-0.04153362267682411
0.46771523058369996
-0.43546606572722735
-0.3984020858214814
-0.07362587614737788
0.029907254534005775
0.9296817281024883
0.5250226468828363
0.4415962616008768
0.4856274246708944
0.740590108329509
-1.5116195341271532
-0.4619093101864899
1.253798488555606
-0.06620656191814912
0.46462317499275463
1.1638699520782922
-0.06535984791184467
0.45819664349573247
1.0673076352510662
-0.7431833143932228
0.9181502555333024
-0.0619606731723107
-0.3866279712978509
-0.34534404414137465
-0.6994703584880014
1.4050377426519245
-0.43675209235225815
-0.08351828809265402
0.4996522181504888
0.29824548925740635
0.5617472795886606
0.405295981336815
0.7199595422497705
0.6304258638858897
-0.43212866921183185
0.6259405439317844
0.5681260873445535
0.44415079200251006
1.1464037078690723
0.6814434182298328
0.5865722393474091
-0.8071398704567572
-0.05261303780322805
-0.011948967474037085
0.37002509072064554
0.5056674325047597
0.639213715090306
-0.05147674336550471
-0.12712065904933673
-0.6505941388919806
-1.2725505174084597
-0.04141258519795542
0.4712001574325415
0.4277194032049682
-0.3593663955066406
-0.07027372705854958
-0.039876135561631304
-0.39851397674738065
-1.2241018364508625
-0.09471365225337107
-1.039960621916665
0.7903363534125176
-0.4895012080488484
0.0739091701141731
-0.42961461925759614
0.732918837471139
-0.6171856765224822
-0.9097750554501586
-0.06198043930557941
0.12412816325840444
-1.1112519865313064
-0.5121244855699693
-1.3420240086371145
0.04486950849448005
-0.3253790938191295
-0.47224863254645344
-0.38324000583307816
-0.5772920876934917
0.22915286695426335
0.39211903140271
-0.3377199630881272
1.1327011934287663
0.3733856472315571
-0.2372060302630243
0.03906988207125973
-1.2880802998839398
0.7286282892989918
-0.3516436013252562
-0.7760209766488776
-0.5093471763283334
-1.0083663766712154
-1.3311387264016825
-0.4733771059973216
0.4386068811387031
-0.029709142794580888
-0.3915748926299134
-0.4550438270665605
-0.5761690824926594
-0.11166444277408241
0.0629535224018509
0.4289281566790728
-0.36266212396790154
0.06136476505265011
-0.26298159429805057
0.49900980708380643
-0.38101741182526405
-1.0271627805000927
0.06326620102694519
1.4344887459373026
-0.6336770607077262
0.06365933808140711
0.4332966302638145
-0.07708436333721268
-1.2413570620594179
-0.30526487899398885
-0.7822128947729875
-0.8992224224422485
-1.1769974016377118
0.3776172852888531
-0.4289429935225315
-1.1186925914342016
-0.35181799811690656
-0.3258643965436921
0.0639244728346258
-0.46645540505312266
0.3334389340944395
-1.459462596875594
-0.3946243039762582
-0.9970303747106374
0.06620213840387311
-0.4272008410253546
0.18076638688731547
-0.5666241563927483
-0.44509473272285527
-0.47695993094716754
0.7893079306786365
0.5999136723604189
-1.3163726743472095
0.4393498767476059
-0.39892695758150387
-0.4134697789600195
-0.556079555996619
-0.5148878394775929
0.7868569395659558
0.4200450058345181
-1.4251433217251306
-0.19455023036442984
-1.132677999097949
-0.34174885681714456
0.4153586515899821
-1.028919647194643
-0.32881619659500666
-0.4955253728054823
0.9551727683005056
-0.8085717402409448
-0.5100109613606089
1.3669034271642628
1.039502831915691
-0.3699337075760677
-1.0348537748374265
0.635045741649062
0.3322192342809367
-0.9274077132823396
0.2831838984082675
-0.9886261311581214
-0.7905215651649444
0.42502160603630323
-0.16304112803835674
-0.007509608772795084
1.2654830595243232
-0.09242308703972275
1.0239642885661568
0.03238328780326971
-0.08095838864955739
0.7996509542983854
0.4653396558244906
1.2729595513410932
-0.038254584167833894
-0.42369989133160924
-0.004236926668010287
-0.7592912128464112
0.5002743627859123
1.2759465284734597
1.2144902367276935
-0.3922453669703161
0.3849244143820736
-0.406348687436137
0.5690791302808462
1.4512846849956729
-0.449270732442101
0.8806863699440508
-0.39851592880551207
0.4669434624845317
0.07772523254560036
1.3528326471890804
-0.7660928420928736
0.4753751379788658
0.5794742567476503
1.0078921921428057
0.48102858579518587
0.5063790417466809
0.33881978462699713
-1.3951015264397257
-0.3945167447749484
0.3923008018015999
1.3837639568686797
0.021694362261729386
-0.037098195173588276
0.4684734040430428
-0.43781062063945747
-0.06733460109447209
1.1771756985133632
0.3920838564976391
-0.9118634815673947
-0.023186142434487172
-0.43134450772244215
0.09789137224468657
1.3391465863362682
0.9509822963916021
0.48971544215952684
-0.7886075864344199
0.3385281222978424
0.7333350893345782
0.04453051960444296
0.5450118151372397
1.0271453764953122
-0.06112632815197109
0.4861345554088229
0.6303728396340333
0.0328870750278278
-0.4311647675527866
-1.1953314382053333
-0.06778111759192443
0.35519515019534575
-0.7521992648363002
0.033432619098152414
1.1830817222534928
-0.6651158757463452
-0.06114062617645278
-0.7809381689497591
0.40346540395029507
0.3324441097029113
-0.07481488138543067
0.023896872958395793
0.6331447288453386
-0.045955207875617625
-0.08021578598455609
0.7721175870895286
0.5419016643548801
0.34169596376543776
0.03218681567235588
0.7714712130095107
1.4813405874442394
-0.3247351015080997
0.6469481788823774
0.8967960168935295
0.03992024085470548
-0.6845198665028535
1.3249392857742361
-0.6139134066627334
0.13689833827864153
0.44019689756341
-1.3941603984035655
-0.29672871023600345
-0.4001741762390283
-1.0183102623730147
-0.7862278270964946
0.6344337832031585
-0.9736269004695574
-0.3625157164372223
-0.7485899168824537
-0.396003731342923
-0.6259242255623895
-0.3580261362268527
-0.038842173335369774
-0.06827461015492896
0.07548515717403737
0.878749050752056
-0.5577280555826258
-0.6855069472798162
0.03527855363284311
0.4160572260390937
0.011500316662561693
-0.013579134642604853
0.6154531450116374
-0.022511269860051867
-0.015568695276048462
0.4335759062598692
-0.025369844705831784
-0.022089754708851814
-0.9911154008385332
-0.6926343685179026
-0.5950380193258976
-0.4499350860152543
-0.44780289755362
-0.3679021242542214
0.06345358658872949
-0.4279972294229134
0.07541482372240481
-0.9775818949431742
-1.2847740071913905
-0.028058319396595498
-0.9143232896960214
-1.3105818837580108
0.43203708997193035
-0.676493132912159
0.4207564063970436
-1.0939525999084794
-0.8584983738266576
-0.4921883502833808
1.134552508474214
1.0988690338266973
0.7476201267975765
0.06677032506352215
0.4695404586320943
0.39373694453039404
0.7479918888617126
-0.03659882019544782
0.43472326145632734
-0.498118987064751
0.4254509795894483
0.4186502132716612
0.7737192148980224
0.023713721955024265
0.44407318619971436
0.7586398082760307
-0.5598732683951154
0.0758506463194512
-0.3523208108047184
-0.8444721277828412
-0.43549131543273095
0.5420995901678706
-0.446932718635289
0.0698589293740859
-0.00244132999490495
1.5184715531808168
-0.06067656469202049
-0.45130464195661346
-0.6994353498397093
0.4196395941886624
-0.5268476683382134
0.06365234421497397
-0.2647658237614419
-0.5318062750017061
0.7661336985187509
0.4132062419222181
0.161010855383025
0.6457028663824521
0.7998705331050753
-0.49986006752910517
0.5856120322089631
-0.4707857190680279
-0.013139724010017204
-0.010395903174974673
0.06430751532284268
-0.028003373396301413
0.6547829872362525
0.06264640540298733
-0.9986644709512519
-1.1016778696734717
-0.9558314413356603
0.6182164106855454
0.9288358722872742
-0.8086187394899607
0.8113555315223748
0.48922883063016714
-0.23387711632323105
-0.028248018022965445
0.7769954635315491
0.5791290606816294
0.03900864889266673
-1.1900807546426417
-0.45810966885405413
-0.33111316238608096
1.0233569109115843
1.2233374688487084
0.421085500704774
0.017311430131998574
0.032931390500938185
0.38668381495919574
0.46815087386727433
-0.24902708770299667
0.8677787428504762
0.7685137915627119
0.06048665144884416
-0.028713609317875418
-0.399154876515212
0.4330051457450239
-0.40626101354093247
0.5592035141950431
-0.13275401142032908
0.45282424098281904
-1.521807034254951
0.038283751194852285
0.33744281442974516
0.006048649394545527
0.9793243398773458
0.9314381438921407
-0.035781472962006775
-0.3865132593792142
1.0199579965959302
-0.08097362735935003
1.4418288866549558
-0.43793802271139615
-0.45039700515623315
0.40918816963052335
-0.06164612010827035
0.40232194832442486
0.01990600920282346
0.9055842833644934
-0.11461670843052531
0.742679904006266
0.4781763346218854
0.46825657703036494
0.5174356460786613
0.4313988595411186
0.4652434281567442
0.41746515820524116
-0.06498794718234668
0.5358564067726064
-1.1391063201886982
0.6949826794563801
0.48520176950961247
-0.3181303731512844
0.5287621614996545
0.3351032750540961
-0.4333101081102855
-0.06786262705044818
1.1956233867721773
-0.8448094300536094
0.5772891530095122
0.3517507499625828
0.5082249235678027
0.47596907908452213
-0.07232969917768266
0.7972343410800009
-1.027200283307485
0.4354408695960153
0.01565155989096752
1.0276378425473969
0.6444155369457043
-1.5159779701320997
0.6559244511917378
-0.06674007057045643
0.4200907632849706
-0.7966996592650556
0.6035490938539523
0.4949086350236029
-0.7793766306746404
0.4860446453954859
0.022722737483410575
0.4426955126138753
-0.05753481539599046
-0.07968922280328863
1.2066026439758633
0.22500957077703707
1.0106747047920108
-1.3589201782326725
-0.7906649818378939
0.8857539932418659
-0.3847876856624046
0.04051189194357215
1.4251954982678496
-0.03208077030818631
0.44920253247194375
0.7176139710961472
-0.5082395604830083
1.1819795674418259
-0.28803167539719954
-0.9179635671017375
0.3197946489269163
0.060040269680793346
-0.07822225127085183
-0.9592510832015501
-0.9574340460580858
-1.18597006633581
-0.007762833982526118
-0.46971899413731266
-0.5313943704611188
0.045481457893890506
-0.9342952165220779
-0.5419857582795227
-1.2198050333053645
-0.025861791238562498
-1.1121623559046372
-0.41678001786575924
-0.4224353404926265
-0.9869535820190973
-1.009647076119682
0.8367433422777782
0.07110679378240432
-0.3359992678286325
-0.3541804279790931
0.01647439399041216
-0.8591856223408133
0.4310849204561834
0.8217562566453045
0.10150994252635633
0.43422549591109383
-0.7397947288736649
0.5096540691380015
-0.571131714845497
-1.1319902106346151
-0.45483602819268026
0.037167667891063794
-0.9948693537848197
0.08569920881949988
-0.0561576196018911
-0.29515275320566603
0.647132877913053
-0.0312556463849839
0.4043199095918049
-0.42716775718430633
-0.4488920412529927
0.43142914499914353
-0.2627720383387915
0.09302505470027303
-0.8842434324242643
-0.022303218857260637
-0.6636705612576962
-0.32605117193256805
-0.507566754303969
-0.955065742120228
0.608326232025887
0.4226881033885647
0.41306347147481076
-1.0443045141409903
-0.855632938368854
0.028345773398350545
0.34141683408837376
0.8919922041126236
0.014500771688294811
-0.6502799337676013
-1.4655470190593751
-1.1440027315003385
0.443594688296728
-1.4739724427376046
0.8795492149808353
-0.5089544873585161
-0.7009858392089121
-1.2450123754287794
0.06819968527508687
0.011460532516073695
-0.5588824885738686
-1.1957387112840727
0.6315014251125896
-0.006059639492975051
-1.1487315482722749
-0.8878397480601421
0.6574906809425767
-0.06788117528266283
-0.7264978663831183
-0.15918810415090376
-0.9944638069422154
-1.0617065042552003
0.42935151914504366
0.16978350425271038
0.061801075720583284
-0.7328901357585482
-0.028676419611607856
0.47354035460529625
-0.7462493730833493
-0.36938317336969867
-0.42253465481203945
-1.1619116396428872
0.6339392612580956
-1.4279247097581624
-0.058089665876316976
0.3582924978828127
1.2470832920725012
0.4638731693539717
0.26971705897682025
0.03257976348038777
0.31982980791084387
0.37238951171921547
-0.8126112824883303
-0.9165765579649994
0.2004995650444522
-0.034629360277291785
0.40551548025704387
0.5389262960779457
0.4564865133860621
-0.0681977453236358
-0.058234903289657795
1.365840360368244
0.4441414744492578
-0.4233971114180929
-0.42627375061459893
-0.04256776622232446
0.39852049397124834
-0.7007328395916596
-0.11673508083593613
-0.3750588197854006
-1.4378964141012063
-0.7928523129213374
-0.021250385726858702
0.44644235418013334
0.5374751603849667
0.03948746422474444
-0.39019269084109826
-0.062283500804568376
0.44884926432579736
-1.1663002538899667
0.035213932142839764
0.9198435207445911
0.020997651788195817
-0.7794496890979254
0.5264543964081662
1.1722651080263673
0.5652896542967583
-0.03988201594100994
0.5377764058830831
-0.03802202348623585
0.7504405868614281
-0.7536677566461505
-0.09513298170247489
0.29212834946061106
-0.4889742019134394
0.03422161957600874
1.1141809896512698
-0.8239611063113798
-0.0389479031749237
-0.07670948313745832
0.4406865627016228
0.1878138964882099
-0.03595386576151994
-0.2255102885230724
-0.05120006281604652
-1.5637469254038867
0.5007520950841995
-0.0484787342899377
-0.4407594083820351
-0.06085825126396598
0.6605203241741794
0.4707570507530502
0.49709668910915855
-0.43829094607977515
-0.7765208971331308
-0.16826455526559736
0.04482636544042249
0.8315087489079196
0.38425447590153056
0.5505107634811706
-0.8205865704920959
-0.46309167577423277
1.015039281321341
-0.7827189890879578
0.552747833972987
0.6066246159164582
-1.1692519681762896
-0.3822142523063545
-0.46556604462529755
-1.252618184650291
1.4273978496004682
-1.3615684203980865
-0.05501774327309203
0.4437310365270509
-0.2724407486458446
-0.4087322845652375
1.2892972390399198
-1.1193504338224185
0.4436446806286837
-0.42085344295316784
-1.1873088254017674
-0.006587746071160943
0.050891096479741854
-0.4601018589798905
-0.43704145132260075
-0.45005202371993575
-0.4092927424364289
-0.5449387535770904
-0.27252662744209827
0.02049519993263484
-0.5014496231320201
-0.35670046813271417
0.7660055787472109
-0.2797513195352364
-0.9538922902491779
0.0030088531320135873
0.06356733508231538
0.7894510041588765
-0.5063536840077624
0.8385165675308305
0.047684048160220524
-0.02436948171505681
-0.47356344274828005
0.016833403805977098
-0.47918009175330684
-1.096825858582665
-1.1069413406389739
0.08860996551446666
0.43621067173128
-0.5221754745190519
0.06837749545829926
-0.021925379970179255
-1.0318212509549605
0.0686104394534195
1.3867130001535648
-1.181577769764659
0.3896571170788416
-0.8670816373762622
-1.4640985603099812
-0.7463754618963152
-0.7021674159163176
0.051677816609304976
-0.5727856342049057
-0.017946085221138285
-0.551432084673314
-0.3131598431176312
-0.9747962913054119
-1.2663827276072364
-0.5273574438351832
-0.3054856457050902
0.04630601916203825
0.7898056710132219
0.023913991583575867
0.742932149065945
0.016945484268852746
-1.2322375201395417
0.5892698955580976
-0.448985690740522
-1.0842582796577693
-0.026986769933793453
-0.4879240706660607
0.06742674015489532
-0.7158951283222073
-1.454449042565825
-0.5172131734408193
-0.48039028590047184
1.3880493836286452
-0.4179140199174363
-1.3302610793254268
1.1600574725391324
-0.8429763486327743
-0.49251117351226825
-0.5394268719005036
-1.158064408753647
-0.5800444957173818
-0.050161016664434586
-1.0219145301763415
-0.3458652618812055
0.5754331498565608
-0.40907409573128306
1.2274120328753944
-0.9604642202359747
0.2343343570240387
0.01636889730691388
0.3904832341798363
-1.268410677849131
-0.8617607742005854
-0.6099501202611807
-0.5225164027043223
0.0632964629007801
-0.027717173053532846
-0.41953736041571354
-0.443176912020037
0.8849027112475368
1.0616765736033509
0.4391924115246515
-0.43156031062308137
0.5248465423764765
-0.06641985522246142
0.5688611096092723
1.052451055176943
0.43172085629602586
0.9879971781695804
0.44872905552609155
0.4584237639983485
0.43848633778827756
-0.735559956593314
-0.05173230218540205
-0.3339175057928132
0.3768071624493518
-0.40941270662904244
-0.7692994256953738
0.4031285153160345
-0.4425126506409135
0.572842885045048
0.3478923368719143
-0.03634770131150785
0.415991799593658
0.5835329639873622
1.1110871667108793
0.4001241301561719
-1.3998486591672448
1.3924171018228106
-0.044390576533649424
0.7414550337020659
0.03665471267491119
0.4215870937862557
0.4871316782806397
0.9196511347680976
0.47683754585712734
-0.7318200547575674
0.5438794393442127
0.025641390188085582
-0.6658697885941095
0.6174577672722723
-0.7813689159218905
0.0022810734819687967
0.6722424137420338
0.003548607829139037
0.6324545704736138
1.0406578084133717
0.49064593145241153
0.06662451084951153
0.08663595336419438
-0.0307780330153831
0.31896176538290966
0.21123481681437556
0.5596486202318847
0.14785181453782575
-0.07187339124926106
0.4133301150830797
-0.6795183122128684
0.33714624133736437
-0.4254593172894761
0.6335353487405488
-0.04490256671211553
1.5689046886550002
0.7405453555057144
0.029944902715460957
0.45833908943762985
-0.41145577464163074
-0.05517597556156713
1.1077423028806457
0.011246498721651335
-1.1961130447518056
0.6512328605488443
-0.043202800780525887
-0.12264473741863459
0.028860563153856968
1.0484500797690155
0.9705659282467891
-0.2384467849110942
0.44783206378864265
0.03470153879713705
-0.4406654551960361
0.37889661439609285
1.164890891870483
0.9673797008728249
1.0100662850519968
-0.057348718757722315
0.45812874700370965
-0.38026871858765254
0.6419591714193534
0.5753337030185299
-0.0038762334722392835
-0.08398104121179656
0.06872957503354442
0.4586219460041228
-1.0006281369681207
0.4788836597409436
0.4516013029592684
0.4347462008591601
1.526905505962676
1.172739216409639
0.6466358330771727
0.4604574589501478
-0.025096032939176907
0.041004582466939686
-1.1638410164500654
0.23440493355013287
-0.6746916368295495
-0.7583471108581823
-0.5300018310702974
-0.7145932452441714
-0.41253439685820065
1.0449325955596234
1.2129732944787996
0.43821510521225293
0.48687259924921716
-0.017565736430716943
0.7210944979239804
-0.9450613409514093
-1.3340084838634947
-0.6730185216463817
0.022111776843815774
-0.36421609652746356
0.9730511423827081
-0.5254541025151911
-0.31236073488146504
-1.0732715005084719
-0.906415535949685
-0.4614603295151209
0.22928507186702957
-1.2395611460004279
-0.5259702960198979
0.3746538616352122
0.047742021731935466
0.09429986918143243
0.0482745208933294
0.007684139698457281
-1.1354515674643206
-0.3597626082795794
-0.2500293668976959
1.1965997397532664
0.05214437077933724
-0.47899141741559553
-0.2966742123714077
-0.09949391899739177
-1.2984839654004607
0.9268459992374593
-0.4823942521245254
0.038080741814867994
-0.4916621454961002
-0.41573487321400293
0.4963010832196479
-0.5888778630759702
-0.30371969882617705
0.4443586256397507
1.176247445316714
1.0557417803475604
-0.9159855032603998
-0.3755415278672044
-1.0161028235428213
-0.6074363236380323
0.06358024124308964
0.42741378467529667
0.4735749046241753
-0.42837018906390156
-0.6737816804968492
0.5282501035254701
-0.03271864413302973
0.04664883727462732
0.7748397986104616
-0.4508846905908401
-0.4038500706873823
-0.4529126013283449
0.41998803087721126
0.7146812294149035
1.00413010997357
0.382023621670524
0.8796385475985821
0.4339710399700533
-1.408199610265266
0.32112349562944986
-0.026124392823347952
-0.3250935228959545
0.3991642962571179
0.4293379700987384
-0.7124524011627353
0.45681879025204086
0.43414978107429936
-1.1672028837121895
0.3253538646198833
0.579719338687589
0.7266210435735003
0.780152216755299
-0.0019173618409855497
-0.4653889788112826
1.0062887984902995
-0.3814272398268334
-0.47325167938515883
-0.33950661707235624
-1.0235237190709212
-1.0146990497162212
-0.3919844262048092
-0.49642107299833144
0.008541294378391257
-0.3039676748750354
-0.4320421327132881
0.5200405530858389
1.1153272942343382
0.6094078513085237
1.3059222386320373
0.00624553849457119
-0.4424138498250717
0.42207720670072674
0.40797074183591975
-0.07255841244093549
-0.4101562506785419
-0.07373681900127858
-0.5597332974505332
-0.6448143135916785
-0.4250521178763276
-1.4238873099434446
0.7660172764368357
0.09788984638006125
-1.4287676557112503
-0.7485088325774754
0.7359685522677584
0.7259866452029261
1.129695614129206
0.49291306866315326
-0.40175101670886393
0.8115239362688975
0.181133790837267
-0.7122581835210015
-0.07129098858435343
0.7497035436079413
0.44758697845683787
-0.7303897371434211
0.5551105569894544
-0.4359209360807918
1.104764142082224
0.025955132839291895
0.2974419383964673
-1.0425244744098228
-0.7786786151220774
0.40384907312894514
1.1115390924288875
-0.26518426804368644
-0.26489878328333727
0.318896707086836
0.028056440636816046
-0.051825159032651315
-0.06310784770091428
-1.4049593634225077
-0.3528387587797154
-0.4055137664239416
1.0475441417066753
0.03530570400937842
-0.9343289931307327
-0.07240725249948284
-0.0818014841597795
0.8435160024997532
0.05364416957928802
-0.09799989158702889
0.8747995792823751
-0.37669844635082345
0.5106306998024847
-0.04041150207305238
0.6066999858949821
-0.066098842235013
0.851404232177295
0.4849166830085505
0.5858785243965826
1.0223793203668883
0.0005132155280835292
-0.7021093262137893
0.9527698697269151
1.039648067142084
-0.06564149239468528
0.6003598195663808
0.6974154591337003
0.03168003402831555
0.48609645758393843
0.5038313371514415
0.6264284059817926
0.48933643489127
-0.06167002863616462
-0.7354015768411047
-1.0287743929667992
0.4885421331620099
1.2905560359631083
-1.048836526081046
0.543346588840458
0.8780446314833721
0.3057042258234021
0.5068482318984374
-1.1267454537214616
0.38418469036344405
1.048291349117296
0.3143676274681924
0.37717163402097165
0.21359239142197295
0.7348046396368577
0.013803292416506671
-0.4353290201241796
-0.6901865000477818
-0.31157132337914706
0.766187842071937
-0.5268447500052953
0.5572104058722686
-0.4253936594973005
-0.40623797959525093
-0.768035974769065
-1.2713038712860922
0.439530157588765
-0.6305458839340775
0.9000179902578869
-0.8392869316180599
0.05443868252324571
0.049134813550652384
-1.0104191291539877
-0.6944085444120179
-0.3170799265684095
-0.30422231785295667
-0.4338452619119869
-0.42135367592503187
0.4088792675423479
-0.4103761066119952
-0.4388115279551596
0.24192224208600788
0.31851735433077855
0.08756522880481914
-0.41305699303089044
-0.44063629425719547
-0.4740529100645059
0.06540180942316602
0.23657082137715696
-0.0167139547259117
1.3497656665122606
1.4725326447414755
-0.02786332102503913
-0.41372663748832955
-0.5138487448169274
0.009007124683586916
-0.022191004798169968
-0.2509010525433754
-0.5272635645729254
0.5845586197257544
0.04392349089424009
-0.5093962215744272
1.1493695953205816
-0.012698169562085117
-0.0007333111953004469
0.08627529441581681
0.7974496739624258
0.044582713453285544
1.1974969583146193
-1.0122834639503677
-0.4475184133210842
0.4417004030593399
-0.009183760719416794
-1.084979112621908
-0.6453998129918534
-0.05280602038873195
-0.4536743233936155
1.5453738037814069
1.0023958655857053
0.22895580001101745
-1.1463378173551728
-0.4025030354391005
-0.023485675091215425
-1.0314669530337108
-0.39433938646762795
1.0738674382696474
0.0733539559157846
0.08084911027951674
-1.0562981610591686
-0.006999404667256745
-1.22264957516385
-0.020721938105534157
1.325626862509033
0.06681652721007546
-0.5612334951221228
-0.9248678765277183
-0.3160745729206285
-0.36602741836926406
0.4123194407910215
0.40998362744774386
0.06690176626776172
0.04313800183902762
0.05123025523540093
0.42840369297315817
-1.2699286121637556
0.0724094791791483
1.1436574762651344
-1.2044192874128838
-1.1406535568402152
0.4260457049555365
-0.4389869934225734
0.4124591272299215
0.08104089729835182
0.8203379027749996
1.1919836414061862
-0.5248785999200253
-0.47753975247525265
0.9382891468350399
0.019443223553693108
-1.4758627041921724
0.7569348941139862
0.2256642125637891
-0.41146103946758383
0.5947507692295284
-0.5588317597054305
0.44668231760422417
0.5836680237915739
-0.025254700944292788
-0.31613245652634736
0.449298287733116
0.46826581510870746
0.8619594151451472
-0.05574283816579018
0.9877610942278371
0.8739002345576828
0.03444342906673749
-1.068147725971483
-1.402874411533103
-0.21091841113378712
0.9432708844040673
1.156041405402017
0.7251178429551537
-0.07144315466698963
-0.41140196527075484
0.4079852534834743
0.4173549997761194
0.006245340343890705
-0.3825246106225742
0.7075049278047729
-1.3892393402968473
-1.110646966911889
-0.1063452373737952
-0.017398464771017984
0.6063052466578404
0.4295815536974312
-1.4324738458735127
-1.1286041330219512
0.5231593426483708
1.0365217971186147
1.0710822492500678
0.48272952057295593
0.25685805308819554
0.27827805802967687
-0.04380311486622628
0.4656347736790361
-0.44004603823448113
0.663452096590989
0.621801708764786
0.4674705943452627
-0.7736395552525545
-0.03651518389766994
-0.3516590380169947
-0.04833814942942737
0.31091402955806957
-0.059034265021682644
0.4348966887067017
0.03278429965972768
0.25905756323089685
0.438420398669382
0.05046786661647376
1.4091943969966372
0.42915314637001356
0.3862777537507966
1.1107303916548699
-0.4395568511133651
-0.06561736739260872
0.39220518481145966
-0.3592950109547546
-0.7198807135458631
0.5884801743889119
0.37285364296878387
0.6793487014360341
-0.153846901738318
-0.7037508325957237
0.4040903068124583
-0.44233857741672994
0.9174599682246677
-1.1710927337831922
-0.7522719211931135
-1.1477309006138126
-0.025235399669183325
0.21751507941942652
0.4998316396234882
1.2752792006173594
0.8847464699335634
0.43320504050978015
0.2198367156259549
-0.10027091450299537
0.02395397287038911
0.4710483433147217
-0.45525285337665444
0.6206760329240814
0.02284050907736536
1.1623055164672804
-1.2899498324680634
-0.06607889033267393
0.37235776580719077
0.7628228517304401
-0.46329898810558895
-0.8506863660424718
-0.021861661421619678
0.3704044890183006
-0.6898409475664986
0.3534990193764914
0.7348788488660133
-0.7159225267659688
-0.5104466938233008
-0.8200976258263752
-0.4337361669111046
-0.5077881097975802
-0.029492968618783928
0.41755879516473565
0.032473185036438215
0.06723486973129524
-0.34360447305787484
-0.0489768404452569
0.13979462951534238
-0.25174428800295606
0.7598753457605488
-0.5787889931247814
-0.6292654009316595
1.1394189315700956
-1.3000155082390754
0.011373901312334681
-0.9720174607506323
0.01492559445526071
0.0063150597415084515
-0.45704937057144435
0.44885572085367387
-0.6354479719686337
0.15302229726138084
0.06370225651455959
0.41651649385244016
-0.031921640355988684
-0.030276182728672742
0.06478605281949684
-0.9759696129136146
-0.45999070768597905
-0.36676094668125925
-0.6242344696351915
0.08900401408791327
0.7485168210375212
-1.2157013253808615
-0.4573305510337215
-0.4616226674591922
-0.4290797011989243
-0.37040166458183804
-0.3322074564133081
0.4938336416509369
0.08642822525857743
0.7065765785087742
0.008014197764100724
-0.06545181700841131
-0.03953648747031014
0.4195839629665313
0.48461876008288673
0.0632118857906535
-0.06738215785081685
-0.4231968196848083
-0.03463299340949353
-0.7528671706705794
0.39764103028780656
-1.2462808980924638
-0.0853879043399593
-0.9917133487787482
-0.5548564587818355
-0.5594498443363611
-0.47770077959349744
-0.5123976406009783
-0.5210044268010171
-1.2230638738092483
-0.6123402572622788
-0.4330012269566329
-0.6801576187627577
1.0300806107465041
-0.09193814159222204
-1.3023839312929275
-0.4266458333915651
-0.4961369172468909
-1.56483590289752
-0.10411193289420816
0.45629630289145684
-0.33371962533497423
-1.222836153658643
-0.5274150126101509
-0.5911345936492864
-1.2519602595054287
-0.5191053550809478
0.4323159616468853
-0.47381218168984934
0.40308202767618084
-0.5238413510848579
-0.26660140147945016
-0.6528373681098569
-0.7214881134907967
0.1612364495028855
-0.5059938274618708
0.33274020240774255
0.9297972258839765
0.03181584353337234
-0.4357404499799677
-0.05937226738766274
0.9243296177587625
-1.059763696605399
-0.8602258531190783
1.3659723485578374
0.4554619710328095
0.5865898289841892
0.3827134501661672
0.372607675007309
-0.532972358734183
-1.378327436960613
-0.7987169895666231
1.0502737652613114
-0.42799326086338624
-0.048882788412870706
-0.0662860818988734
-0.6154494124631749
-0.38530785078639357
0.5038763286848766
-1.3713980725132309
1.2550220523016413
-0.4123116070392483
0.9390760186413112
-0.419935721748625
1.2731071693356528
-0.5241902018559785
-0.5370549512866907
0.8382736663797693
-0.42882034516962636
0.5120486547721983
-0.9284231572801139
0.03030579511811125
-0.9594786111348952
-0.04586236367307917
0.7440525857048036
-0.37140800779721184
0.04296499306851325
0.8281482223174801
1.1877045740018655
-0.08083553373531291
0.6018529517983855
0.617687573660834
-0.03825359822640444
-0.4150247062293373
0.5554632804111089
-0.05090764245034584
-0.7040613769036914
0.47298524136140624
-0.04635619613847102
-0.3568103202224169
0.4400344946707687
1.3915846551526057
0.5729814026339619
-0.06200587390505128
-0.1588763941950047
0.5409536975257345
1.0492265743057363
-0.055169292854249194
0.9953103970498808
0.059649940560835446
-0.058989899713892346
-0.369136266736949
0.6688632236744111
0.4399709899307153
0.5308165827928975
0.47817101748431223
0.28536350176677777
0.14576509219167177
-0.34457135724873594
0.4099425320185575
0.47483920974798954
0.4841668749062604
0.45299068153244193
0.012449200978525771
0.679647597552716
-1.046859074230427
0.6174443273348362
-0.4682512732295988
0.027428828804072613
0.3298088856867104
-0.03231700828622787
0.39983952367435094
-0.48575159254083955
0.37606002132015587
-1.2116623067301644
0.04207583037444318
-0.7824697422038387
-0.01807268218722651
-0.06636799595180608
-1.0603211425091048
1.218401103025067
-0.42306328999382037
0.4507727282424659
-0.07682924322137136
0.4884821927280191
0.32494877382632764
-0.4425692661396135
-0.5410739399205657
0.06758469937281276
0.43204936272007105
0.7767656278941664
-0.5306435644647997
-0.7364230393422101
0.36964211490993637
-0.07795190721523924
-0.26925524952826446
-1.1863381528176673
1.2600808431219652
-1.2128264789987924
1.0179172836238062
-0.4391146754564943
0.7838846069583671
-0.31302365209323896
-0.478565692235657
-0.4848068248532963
0.5020055406874241
-0.4141744752157203
0.36611882459917494
-0.9728562023975282
0.46079340459751006
0.806554982969426
0.2914929446403002
0.06521654855412096
-0.029255474950207905
0.7432473545611398
0.06731416808358202
-0.5025164929685255
0.7385421405270446
-0.47028981034730855
-0.4613586991494566
1.3401878593236267
-0.009296630185132097
-0.408096161695794
-0.40696907857530784
-0.9636303005324186
-0.7813003635631255
-0.4530623919303651
-1.0233851233661397
-0.46160038466172865
-0.0034043776101857714
1.035545495488266
-0.01935991467081603
-0.44507900356373314
-0.4300635337373571
1.4305606736885474
0.9395012191100163
0.3572006162893416
-0.5153518101310778
-0.32070025834069604
0.7968255377535254
0.5893729833574127
-0.6125798124495222
-0.35901160320388387
-0.6262304488634014
0.09654813312150637
-0.9927004442708648
-0.4634462090627525
0.3822754410218105
1.4376456635391086
-0.33852956203389056
0.3461902628959374
-0.3749757851754204
0.14642913498566945
-0.355749164761779
-0.4685880883543831
-0.6092864914396632
-1.049700444996952
0.044506228732455605
-0.49132481924137505
-1.0898769612288484
-0.5108282389050784
-0.6108658430227267
-0.6486359376773307
-0.4890715310118151
0.06957761594226745
-0.4751085627607466
0.4196206795988985
1.2020460116665446
-1.253708958600512
-0.703274327433523
0.42013330933307336
0.41104518526225475
-0.8642683476341818
0.6247814513197089
1.0154380890031227
1.2839091354688197
0.606759155694914
-0.47219191839077856
-0.7917169392444231
0.08883077961121595
0.3931922814426326
-0.676576776178596
-0.9554020523503602
-0.45186185829869285
-0.29884503474576474
-0.7357578504776869
0.7299262385263512
0.04017886011921612
-1.4332925894405768
-0.051612007813585145
-0.319059459184949
-0.36343947901192486
0.27222108343183365
0.04918616104144637
1.1368957626849983
0.0031271978304219707
0.912335723714529
-0.05431592340046018
0.42047733684642385
0.5825294499471847
-0.3910606333030502
-0.7880654846499342
0.2648784188126537
0.34013618738518336
0.4502266427096945
0.3863608387730733
-0.029715401239279286
0.590776552159686
0.02408688063830527
-1.0946554509832858
0.4710319747865546
-0.534688460985394
0.4069170099386707
0.6505810012355442
-0.012246960541398899
0.5420996297286755
0.9430766626433121
0.46607273476005173
-0.417728987145513
1.2200384308470489
1.008416724150138
1.3716168409192198
0.029280663877990897
0.3914601874626374
-0.019337455930797217
0.4856746736981594
0.5237763344735273
0.8757904881836389
-0.9858453980526192
0.7981150362355567
-0.43186735265666576
0.4566395445100725
0.4234508622490092
0.4015758416671559
0.417678970602462
1.1604684352380112
0.5406089203909507
-0.4360449398132199
0.1661670334994601
0.024943193726280212
-0.07819934162515554
1.1428648601542177
0.6708652638007301
0.03457177435938468
1.191990804162922
0.7377676778735399
-0.43972096657044973
0.588576334188502
-0.8097116830558022
0.042593352952404434
0.454266786444321
-0.43219188676863884
0.4337298920534979
0.5384146516723277
0.04153824108922529
0.2876815276843975
0.08508031616430267
0.4102312681333695
0.6509015247868019
1.0548969200831209
0.01587478674388097
-0.8559019631008382
1.0068477758522165
-0.7161037987392838
0.7537767927326481
0.8859341606476137
1.0662636743325022
-0.34071505130275176
-1.1323785481596977
-1.013133269396151
-0.27583123361419515
-0.19800141271370714
0.6972314739846985
-0.8126420456196537
0.3423625316090739
0.02579500620979511
-0.9299529676980476
1.3941569354384518
-0.8019248061750842
0.8265640122053709
0.13877440245083608
-1.059796741565314
0.5257762448351246
0.404069632482605
-0.4004107613749537
-1.2085095063989177
0.4237249211952074
-1.1385695752699623
0.7132379415276056
0.0018407102889453344
-1.2465435064797592
-0.5861939038929757
-0.5119244874871789
-0.41100437682561236
-0.438330029289932
-0.66880444609516
0.32748247155758275
-0.4318673623935609
-0.1251675037532965
-1.3521480619214643
0.08370630836727307
0.06035360587731883
0.6046432823258865
0.00928385268721829
-0.9697332653177393
-0.6677563422411111
0.8227601383521987
0.3803128976658179
-0.965362276765819
-0.215428956017096
-0.33726766220212556
-1.066548140839514
0.3852610786238188
-0.5403186097920152
0.7516140290857014
-0.9894743997837273
-0.4932210764454553
-0.5614519453486005
0.0378672176823378
-0.4420015267876856
-0.9006357254524101
-0.44102522127902527
-0.034205302485742536
1.2087957328812784
0.1947398472047347
0.6644884846547401
0.5196169525822898
-0.46315628343091864
-0.7294878479418431
-0.4178416393309372
-0.025661456242198073
-0.0406294322137758
-0.43376194645705785
-0.4266348979140186
0.05859060712626486
-0.978779071367325
-1.0087893838560433
-1.0996565632736983
0.9320609543719397
0.014052094527449285
-0.4818762923721379
0.6418704308093651
-1.344785283994331
-0.43998176241000686
-1.2702275190714223
0.43152191568625176
0.0792278566376885
-1.4282816367090252
-0.3382366333563047
-0.470490994605027
0.10737770337172788
0.064042304851595
-0.03454866641436566
0.32604088722034746
0.13835946043246294
0.07641968777595644
-0.4686608494503558
-1.105329071926062
0.013833883357469101
0.7933664877914003
1.1542976034834662
0.744960391646215
-0.38454997546243563
0.0004929077262689008
-0.8371337275751892
-0.38971378473230683
-0.25793598206641855
-1.2778632953766644
-0.7580814735958297
-0.07273816355452022
-0.4229155181982807
0.42739804439799495
0.12125072351247924
-0.022781707701330037
0.9578475999769508
-0.11468886855685287
-0.41811868151610904
0.4000902303328884
-0.44749521014948823
-0.4446301778320488
0.037832229378015544
-0.47916305945141374
-0.4066430775908918
-0.047494017620244564
-0.42924695462827017
-0.8293286060162066
0.5246199176708338
0.39486644947441707
-0.784272235082869
0.5640405317854541
0.348544522254985
-1.379608727709658
0.3917271689242354
-0.40463546151546786
-0.05596487991828358
1.206650597730931
0.42503590568462907
-0.42418411233906517
0.4361356198583814
0.33324763939310964
-0.426445351835708
1.4943317332186261
0.6014548729714589
-0.4585588737029729
-1.4285872404187412
-0.33892358431530717
-0.03341454039678268
0.42064228448299235
0.3298877049856859
-1.3197829332738373
-0.062193798820742524
1.2636163077549067
-0.0932178131338036
0.5494503640265634
0.4207371381219345
0.6042456244185648
-0.7294085707691793
0.7096444478123453
-1.2279591389625975
0.04201170253437649
1.1315656274551693
0.3293578153318105
0.8627759010969682
-0.06696016481256746
0.6264145997169718
-0.44688666520487474
-0.06413154112967073
-0.4104685690497978
0.2821509188879013
0.03774076998602287
1.1964760626174895
1.1944852043407852
0.8243685654153962
0.03322477051370722
-0.00286035476973486
0.47615907564835475
0.8816982092039506
-0.07745346607431147
0.8168539130870612
1.004822056493828
-0.01041160508270724
0.039470465181215816
0.5047994917057159
0.9717104606298641
-0.03041968596269965
0.6153121313288622
-0.7892684528057361
-0.0011046578409221622
-0.40914272599479273
-0.06769779523817948
0.3372574229445906
-0.18107255226362115
-0.08007789238381946
0.2570858334935274
0.029082142462128518
-0.43446217245840457
0.9725258547250193
-0.03788901833626891
1.0881593358516464
-1.4394014430075708
0.3884413980083003
0.5152657569362259
0.31522734546541414
1.2501371482971007
-0.699386827169363
-0.33581739753413753
0.3717528671817974
0.5646995401221698
0.34681706032875637
0.34694401217232224
0.8559213861121613
0.5174541981546721
-0.4160217618862628
0.5614595444021628
0.4560869087787982
0.5149758248607683
0.008651809346854767
0.6721985153456626
0.4959889263362115
-0.07306390997055318
0.5523600316079345
0.5931306830561323
0.7135568197609808
-0.037736381998042155
0.30387405888021735
0.3827156203001174
-0.6734067035182959
0.06542236346974306
0.43213012474286383
-0.020828084157607396
0.06504337845186156
0.0938446174314016
-0.4145471642039157
0.34218770745053784
-1.1239535319672127
0.000797183402913108
1.0987306098902678
-1.252503926503086
-0.46322647547790646
-0.6830285459119323
-0.4380710011631603
0.5698790180237371
-0.01028198262078202
-0.4261547363722839
-0.3906355583559592
-0.040485919530730406
0.7001430814130032
0.2175193829418563
0.35973721919831947
-0.8039882152173208
1.2574032614562982
0.43329874700075494
0.4002790846598112
-0.47250510028254705
0.031962362378347584
1.4325321895102987
0.7471870669658691
0.04726094843758571
-0.021655569928358463
-1.0521194530440074
-0.6886028745766698
-0.05603551377546478
-0.44192311264203954
0.07089885243932267
0.07099264569560827
-0.8574978857249359
-0.3978948885891277
-0.38161637651645347
-0.3863264572155316
0.429287136895578
-0.4667623029606164
-0.053097023023019704
0.867953457104421
-0.5963121560360475
0.0474083205537505
-0.979283162717721
-0.7781983533339127
-0.43376951630207855
0.0518270286193228
1.1214121462495512
0.38627842798333967
0.31752890896799546
-0.5600675997556597
-0.9104606348082906
-0.6909983071165067
0.8875148386124647
-0.6102031288531654
0.41885470661809543
0.2833760112726728
-0.6840213648148014
-0.5655355568826917
-0.031240905895913322
0.7649021903923893
0.41689656413072435
-0.49836682591217657
0.08600935763100219
0.40698637147220595
-0.5050192297505695
0.15960145803998663
-0.563037723085664
-0.3405988820778557
0.3728049513952397
0.06107006848016066
1.3049092022475413
-0.5384482048201468
-0.44710056393996284
-0.7396507859795851
0.4157118105735911
0.6430254023421521
-1.2065435750353024
-1.0794648342486197
1.3667679379382958
0.06293992354186626
-0.6383218416119003
-0.4834355871922748
-0.4418421556707887
-1.2558482214041489
0.7128940524894457
-1.1632044040499172
-0.4172361308358757
-1.0413847274336205
-1.081356852208203
-0.8042793535864471
-0.4275263086810151
0.42014524482553633
-0.4115167916895309
0.43198862975808383
1.4249168746937202
0.530174422557164
-0.7322987653391264
0.4945839308612131
0.5048499742500637
-0.4740831572794134
-0.062153578895268034
0.9780999141311327
0.9670120034645769
0.5632197639376318
0.32857700529952777
-0.4515154493991859
-0.03687141400953115
0.3779564833253765
0.5750310174428385
0.28286146547365926
0.6111970969431582
0.44380792664527413
-0.41108952264861864
0.6549034726168773
-0.7464534039423399
-0.4322476054262776
1.2404479488456919
0.46796144697430186
0.1807224768824321
0.7972582163304681
0.37046945803487474
-1.2017400384830794
-0.09314063778268782
-0.046117801596817894
0.4182972001172734
0.5132214570334678
0.4034828025780199
-0.03645492727277275
0.045054561176454754
-0.5847686368524349
-0.10599181055072361
-0.3445607714920875
0.5964426560002563
-0.43753163443236537
-0.4883639064573269
0.4508736529698692
0.188830165495998
-0.06522447763444611
0.44169175516965004
-0.051881574714187424
-0.06465597539764292
0.028987003422645527
0.5769648813728849
-0.06059568725712234
0.23625996752446365
0.42809134055116915
-0.06744317282317773
-0.07675259142731819
0.5359270368664525
0.9443541117080825
0.17959967512340774
0.8841979020973925
0.5492069990180919
0.02247015062955787
0.03767155355077298
0.003800865536292413
0.047157670899626115
0.5112379421290542
-0.7252301583338902
-0.0513959933055889
-0.43400731554552524
0.28550814268121577
-1.2067648193187368
0.49828723547075504
0.8969797037078063
0.6154298026696019
-0.4307184048790239
-0.762611093693473
0.8664216713138592
0.6658534662892194
0.007330839125842372
-0.06120603398021836
-0.0022094867204892027
0.450164383799861
0.4664144425146893
0.6755666972591162
-0.0768437155218265
0.3883615155200129
-1.252392824889154
-0.359677199000929
0.7899384292303956
0.32266210821872
1.2909319530211996
0.44640179667015106
-0.40661665698213195
-0.7636841114559137
-1.2549897657383362
-0.44647684300682916
0.43383091092102954
-1.3685242693185715
0.5591257913265739
-0.007858300810280178
0.04976350097529553
-0.5237049433671401
-0.431891678394658
0.48353886501374693
-0.5372775207458906
-1.1141040554952162
-0.42582049715459025
-0.4495007273347758
0.0829748722049672
1.1167788558013536
-1.017842375874291
0.9391223293675491
0.022361982776762972
1.2261134796003343
-0.6866416536385979
0.45968050332157623
0.6961386497625116
-0.7931402271127941
-0.001443519675278684
0.43153767660217784
1.0670870638989447
0.5872398885759748
1.2265933918157756
0.06677901791162172
-0.529501595233209
1.1269973723259918
-0.443052163236002
-0.3404075011459267
-0.4576529806717217
0.09132670264331261
0.8328318169336859
0.7687184914513299
1.2107803255215006
-0.33522430200828185
-0.41390776799556106
-0.8433673305346416
-0.0007199901069638728
0.08658824507122954
-0.9163890109479691
-0.42805598070548323
-0.3964231187815682
-0.8135310464968608
-0.8067385702443506
-1.33264816261413
-0.0631155083917324
-0.6691118026030327
-0.41256814402903097
-0.8511353507186541
0.06515323426084796
-1.3921118020581646
-0.9824467011303858
-0.5581635352531632
-1.0528964364163889
-0.9582427090836991
-1.310618639951409
0.6554050622123703
0.8174275667257105
0.0705657365177858
-0.3857697915318171
-0.9821553515109352
0.41531950156013714
-0.6093934054009379
-0.7698327609221154
-1.0736803154843193
-0.44215870450897743
-0.40796330361482896
-0.5385831002757502
-0.559666259722841
0.4344344653138485
-1.2208643572732323
0.793325327451306
-0.39140737816650795
0.3686913296870097
-0.4834873204110492
0.06273993248467641
1.077990510627572
0.7570992239983746
-1.1847429569564818
-0.42669185544327076
-0.9719229306585146
-0.24568505856011053
0.014442712213921743
-0.4816926317630849
-0.4364339064843666
0.07688826770737149
-0.25438704912357174
-1.3714648806377343
-0.8834631271631069
-1.2161390066990143
-0.6205036910725052
-0.5110177343332765
-0.5102171673596926
0.4517982877887781
0.42359505625082455
-0.12831613731874844
0.03789323147962063
0.7040876396695109
-0.44804938421060625
-0.4858661838209267
-0.004888264050740362
0.009506984166254508
-0.07568679296925772
1.0171890557395489
-1.1911349461261802
-0.9345835288065665
0.6736362147086057
0.564930136668917
-0.00947648492425666
-1.1575061744980997
-0.02992747599147229
-0.3613325170708528
0.31910005186338875
-0.3232329698416392
0.6179187701525652
0.04020607081416805
-0.6273462266151516
0.3237671454130913
0.5052837295250592
1.2601326262420387
1.5442561358798967
0.42841979972081173
0.31488111167113075
0.4283249615835971
1.1181806963040068
0.6426385134468919
-0.03092220932563744
0.32256192534941114
0.6503210907853438
0.455650339087291
-1.3003056530083272
0.9467562595119284
0.24642970270271247
1.073185452726078
0.9369814077012762
-0.7302584994701067
-0.4167494388747543
1.0305327749014566
-0.718574411985685
-0.09466635365078455
1.1756911480501844
0.2883109908883307
-0.04087849974768874
0.4706257466371896
0.021120232680781344
-1.2079086880389251
-0.6394011435903337
0.05715956468685507
0.014861288296461793
0.975630288768037
-0.044594585222857704
0.980785523741726
0.0461806991438746
-0.48917443265256355
-0.0589668066814357
-0.06415654057178394
-0.3834047872153229
1.0900691333566201
-0.4030663786045709
-0.3991624447485192
1.3592106136454032
-0.7916450428416183
0.01822563658800206
0.3559804304804575
-0.039189966644632916
-0.05370371561877966
-0.7837837595824944
0.5836043601716141
-0.01640234534157057
-0.06838527993646497
-0.4991108160551155
-0.13107915059166775
-0.922315003990465
-0.8096054972729805
-0.44829083136069525
1.1448088029971917
0.4921648794365301
-0.43856208650135264
-0.06022432215098978
0.7178604342815079
0.07498380584158937
-0.7615459131612446
1.325442149848668
0.42097684190791945
-0.4006231201701122
-0.43355779949078593
0.7877268140514868
-1.01853845186854
0.371406928700496
-0.7890141553748543
0.011344038346716946
0.02829083824864314
0.5177011545322519
0.016744158531086552
0.44936343904745174
0.5082861753141731
-0.32673238983085273
1.07929214145803
-1.0820469486423268
-1.4266209043900984
-0.06399738008469914
0.5543232895654929
0.4008270221647185
-0.07444677835688829
-1.1681281370095866
-0.9363704947232274
-1.1581133133213533
-0.4004850883334703
-0.9967289107601559
-0.6695610089843623
-0.425550535804844
0.8371533760184557
-0.3961643236230161
-0.8324597658275642
0.026161175735958137
0.3373506238986789
-1.4134128069836858
-0.3668105853550501
-0.6187145555713787
0.41899119945416774
-0.4299530316864234
-1.451480074245992
-0.3897904678941597
0.7269970764629976
-0.39477598601268404
-0.6924541010057754
0.13708280969868833
1.1638131850667723
-0.6857970434772725
-0.6281779102745395
-0.438497044487096
0.061914688846872956
-0.28110242899354176
1.325215395234677
-0.9286370613612885
-0.8594577094117307
-0.6266326302970573
0.04694576030561896
0.971562016181074
-0.9357491070033196
-0.2896103999345842
-0.5085825109853711
-0.3152195957564496
0.40318653023659207
-1.07160650653737
-1.2158351565887247
-0.6837662509194885
1.2275618427348964
-0.29164771986794835
-0.9756718179068321
-1.0883423246968176
-0.7307745361078288
-1.3093384268785087
-0.3234594061329062
-0.041878148938160976
1.1107710153933525
-0.3647463405632361
-1.0409065684245926
0.8082054110398779
-1.0997550609384925
-0.3148901295427925
-0.032551164795727096
0.12505106400245095
-1.2958068834878098
-0.4139734322962529
-0.45271590484397467
0.03572113868294279
-0.6824061146607514
-0.47450334181341014
0.4892548984300551
0.04794855396250166
-0.42831508651012185
1.4323392719309025
-1.2135880941405077
-0.2190493400311006
1.2217157028095051
0.45171257131066583
-0.6248211112114966
0.7983772199260316
0.8390460269821273
0.04980066411079476
-0.45055552607319793
-0.5363709599145755
0.00898352142198087
-0.4644549019065258
0.077132114411299
-0.6855078166499594
-0.21537964533661766
-0.3551972052781425
0.0727335924178371
1.0680773556765877
0.07828542561171217
-0.35700728457569314
0.015468505044185381
0.4546639320574225
0.38693796547364695
0.702761714982565
-0.8342762344451786
-0.6447390125600739
0.7700826113401072
-0.6224181040256387
-0.3266943852396423
0.015222806233529227
0.01814795608342895
-0.05172270724849393
0.3007546971948829
1.0086560832536582
-0.05481933697502573
-0.0550844761253092
1.0891170155022396
-0.017159993906735494
-0.5269678731815444
-1.2379368447272905
0.44777696876071266
-1.416254474043451
0.3708544964355528
1.0299768637108933
1.2264426168520406
0.7981884900188775
0.4480015505753745
1.26655381073641
-0.33822519826696723
-0.06670341340452714
0.02694845671316595
0.35656778399809524
1.4639632002150578
-0.45293260992836243
-0.06257119833418807
0.9548628790271059
-0.7183346277263513
0.7131713761416709
0.5333710082974906
1.5318697088120288
0.4430292655994174
0.5131856429222814
0.4353017496178828
0.48116548385737645
0.9540566804322324
1.1237741047927206
0.4585208499682079
-0.7900812012084383
-0.4387797824885364
0.38148542262160484
0.5943313252215995
0.31871563123274355
-0.8041139522586961
-0.45685628712824194
-0.7701770343704365
1.3652605837108442
0.2952925252190235
0.4436406983370833
0.9380173578099286
-0.06847550307703221
0.015840733548556866
0.5945200640926165
0.023185267047296232
-0.3329620021392404
1.2682506406209697
0.022584841916732875
0.03367100235885843
0.19068718112550773
0.5024528795787526
0.04290956280346422
-1.047848965829717
-1.3598546648407428
-0.03389637151092859
0.40448491551529214
0.0068175503684913975
0.2850561513659573
-0.039785996215628096
-0.051522118942827856
0.4165429127002331
-0.43759151349134623
0.4500262124274476
1.0745179473689788
0.41606445126130404
-0.5326018695324474
0.4844890802746499
1.324663404490344
-0.3675662555029253
1.1387636110264199
0.6617915794100466
-0.03717742704174022
-0.1312884902070418
0.9822823303890725
-0.041862353856246426
1.1694236898661157
0.39705088444814773
0.0044502418501923035
-0.5049496407659444
-0.7911128578212538
0.6055410982457868
-0.03815013536740649
0.0019996436231854834
0.5634931033196013
0.05258767662538396
0.423650821565305
0.32956374472486105
0.5154049925410361
-0.46710867604984024
0.08520659916797527
0.4688418411612879
0.030302229974607835
0.209317042210855
-0.564669968777563
-0.44432490370719746
0.9442686936409989
0.2912154983361859
-0.02415921400295174
-0.891532075110811
-0.4926666232632935
0.7532926925938759
0.7284171242339766
0.780541976108182
-1.479923442925162
1.0709279025799452
-0.8221756042862581
0.4158955370844251
-0.4504008355891886
-0.5852641082546108
-0.4331472029661853
-1.3113881938753293
-0.020957365220666074
0.38033816165903617
-0.4159944959678531
-0.4900704118256327
-0.9056310496418929
-0.497283611037415
-0.49754868444507255
-0.7313999414496218
-0.5070289015420518
-0.38804742941754305
-0.37925911402791046
0.4374687041487443
-1.073747998763212
-0.4359493100625698
0.4332459888354943
0.0341976515781715
0.0238680821708757
-0.4795727748089813
-0.3776799610891429
0.7809426862168816
-0.06088350011296048
-1.179804399701389
-1.000589754928893
-0.4351554665219626
0.06957227837112094
-0.36917779431312764
-0.47377767249057273
0.7344427906039692
-1.0164710386779128
0.43268402690738306
0.04331087918360657
0.3768648708591369
-1.1053530270723955
0.7584298882301299
-1.3318240621210666
-1.344019763222901
-1.0362493192618767
0.12539545891415815
0.4161131116265083
0.05998109259195982
0.014714543358117073
-0.028933774226260884
0.8051538546121607
0.7386268007141285
-0.3572678584709852
0.3237619266795572
0.06429005251568201
-0.49017106509218605
1.2545388636224548
0.29402061276981367
-1.2658804010578684
0.7889616001049731
-0.8320480912275781
-0.9005355597956506
-1.237456256714389
0.3256620544060149
-0.6821544144124162
-0.3825382036932129
-0.39828481592647347
-1.211825490707506
-0.33676232466121625
-0.6084544204157584
-0.43431907770855854
-0.989725610403096
0.07479833294252167
0.3792936854489449
-0.6689081004068613
0.0020501177281057304
0.0008445307933978251
-0.4575254288795517
-0.47399164439303065
-0.9086868640464714
0.06558799819995179
0.06427999027332859
-0.5184641054452175
0.3893039520281611
0.731913797130713
-0.9923030815938179
0.48214925880623416
-0.44139408973328426
-1.3305256116388808
0.509785771379155
0.8920347393988229
1.323943073380467
1.2332848848205673
0.5623925598676749
1.058125499171425
0.08041387048610772
1.1588990321716268
0.027640355218168666
-0.7511721466150378
0.4195728424592868
0.8305657433132554
0.7475924660563429
-0.559103221583284
0.5977432286985115
0.37512065391245164
0.7111335108397409
1.109118649576141
-0.4350107831556465
0.02769840656669094
0.8681902215743175
0.40384914761381435
-0.06234658729560307
-0.062368367923494296
0.44764237579462957
0.41579978165150533
0.4282789318770296
-0.09628027631875843
0.607389103730197
0.4607973494285061
-0.07323908194295317
-1.1308447764536436
-0.790360278410564
0.9123995309923688
0.5379318391427027
0.15798301913060273
0.0016221762582836153
0.7154828779632894
0.6780799840233831
0.6187546130778271
-1.380742386668613
0.49385698382278703
-0.48338277316447137
0.508802309623815
0.45997592666834164
-0.3796243563480231
1.0892259845139258
0.5235167090231194
0.5875954059732649
0.03534121011774729
-1.1674727989778724
1.4399868433837417
-0.39399221746111107
0.2573886470996024
-0.4105328197717199
-0.9780077965487921
1.2803857532063374
-0.2965328969432731
0.47835561936452337
0.2981059576628296
0.046688138156072596
1.2671617523910912
0.851673721553273
-0.0413829411006677
0.28621697373390975
1.3689336085169956
-0.08094873989936595
-0.6240002151716635
-0.6570699318294853
1.1377127833010126
0.551593846962088
0.029510873619238515
-1.0667565327468242
-0.039360616036800834
0.5086917073308429
0.9183393547259165
-0.38871867582433217
-1.2215248629732833
-1.3661322514538388
0.5273790202492895
-0.060818524546493904
-0.4822816442537685
-0.11083825099898188
1.4191336558509822
-0.02964914048094157
0.4219918730858912
-0.04363959284437975
1.3983028146971759
0.7429577158130038
0.7566114643665449
-0.4166529778865244
0.6052046262639941
1.4179255758420346
1.024267043706988
1.0308715861628392
-0.04371434027327657
0.5275033440493954
-0.9696887786901878
-1.4275619928879941
-0.9956530533070125
-0.0008662783086721873
-0.4639022203696349
-0.4984468245866188
-0.0350209260943398
0.021850873069658612
-0.6336397468353515
0.43503690650321547
0.42601862807100155
-0.5488357879051987
0.0740880359057207
-0.6681344423414938
-1.2756083431547258
-0.3653226518312365
-0.09478085812705495
-0.024586845117073246
-0.33331988872635976
-0.7494594685889422
0.06609886303321282
-1.256638881515216
-1.1381607183298044
-1.113353281512406
-0.9613609393477528
-0.8592786407671803
-1.2538224107273668
-0.37076074373772805
-0.7004230102953259
0.7363237360771528
0.410554437161613
-0.8451340637501552
0.437485210472397
0.786598324353123
-0.013107183760839358
0.9730005196844806
-0.01814601127317135
-0.33078995083407925
-0.40486655081693573
1.3051025449010203
0.7712047730209101
-1.3163375316635813
-0.6025962506028792
0.3658258836877698
-0.5910330073782214
-0.038729073513098844
-0.5127481813390373
0.25045191318577265
0.11853819322175083
-0.47167132276978424
-0.5213902745227174
0.9497120472110022
-1.1063501910385043
-0.6238546152793794
-0.5319836157995171
-0.9852321877535895
-0.00723480940345625
-0.9160653417754661
0.034837196309452395
0.06733457170995984
-0.4433172938939238
-0.4833003490484793
0.022422169680951422
-0.020706429877358126
1.3029869665500642
0.03061191011283337
-0.4502607033262551
-0.3893691443554617
-0.6180536194770302
-0.5186507007129876
-0.408333714079033
0.6170093293796638
0.7663443223525862
0.3440412400523819
0.3932134320780151
-0.7178984525348538
-1.0067046613771864
0.007887854922872792
-0.47949732598073097
-0.24986122664731017
0.9894930764862838
0.6377519237377235
-0.34510856468216866
-0.5068718526791959
0.403445318883241
-1.182391627767247
0.0038814080552295248
0.5753738456711335
0.011931947989823896
-0.239293066596809
0.848638945549076
-0.9397000507120006
0.312194619881899
0.5783195921711174
0.4345649500654874
0.4173806375244884
0.06339294337205337
0.7796442199034941
0.40637675024308495
0.9445775565337612
-0.38098647462963325
-0.5660610639610709
-0.8914559701871813
0.6730579912794754
-0.3805616570986254
0.021381231791299245
1.1210284077195987
0.4375216935275463
0.026261900258140927
-0.09076618135136694
0.4584040767047125
0.464318165725915
-0.37941025713898374
-0.0005376990734092275
1.166797058865132
0.02402344712815595
0.5864528908383185
0.2722489143456239
-0.8068694676697785
0.6363842343922529
-0.06472032443150835
1.0466496183060792
0.8977344902298502
-0.43151488973263297
-0.28964996058613385
0.5774683966243018
0.7084146240313665
1.072916804169497
0.5875913735564315
-0.3966124649547621
0.570024167114297
-0.775135433794312
0.4352756660075065
0.9309960615338347
-0.5114772437550851
-1.2142984216770316
-1.0823557920931821
-0.4411212637677594
-1.2102600230614204
-0.8162757711826422
0.572182194857073
0.23736476414347416
-0.046162085971178116
1.2560772303254852
-0.4201272923250718
0.9198084518075865
0.46088426652900166
-0.05236386098305208
-0.4168493644699752
1.4118545957143138
0.4128083331711606
-0.6967062559957221
-0.7646898445400769
-1.3761862534482547
0.6948118369614611
1.202344463722918
-0.07659638207650334
0.5823028991490506
-0.03706901079339874
-0.8221079061986106
-1.5054612351125591
-0.03135194082934063
0.6509735604969044
0.510505016496517
-0.42406139094571493
-0.8551914117930848
1.2471345080453358
-0.38473842738445113
0.548273587052435
0.3252709551954275
-0.06381437019991272
-0.4332694763640701
0.4487229942134834
0.48869264459151385
0.42929982260839
0.49121344569997116
-0.667128908533373
-0.027397040182193227
-0.07098811724605215
-0.06073396301696701
0.02494334936075788
-0.42046519932353926
-0.2882956578145669
-0.041884560516161844
-1.4029701559382048
0.3782941937419683
-0.5183227143324091
-0.8393376565150853
0.5102629890035763
-0.041890977098541976
0.9552946146710409
-0.06371814055662764
-0.7906358021622054
0.33890446308279826
-0.43442202434782
0.3285862309954969
0.4961528717650409
-0.8756097479164843
0.6179612424134485
0.7864705353947328
0.03761563920654774
-0.5538057679374859
-0.5003736120532342
1.3464083866685337
0.49867025935218906
-1.1430778806729793
0.9550647409947868
0.4050740254908803
0.06223887414146663
-0.3340740257415396
-0.3475570560831818
0.06343522050883525
0.07538518097656206
-0.4117741093334225
-0.5207203605402082
-0.6362107586181313
-0.4363411267725815
0.04495361848154023
-0.38630235318960526
0.348609204535468
-0.3477071387091535
0.06444580646637502
-0.7150133927496568
-0.5755742394899125
-0.8872600729413124
0.054035884487481804
-0.9390220511881241
0.6296002368968047
0.06451296154288359
-0.32950061077829834
0.06985061737246523
-0.41384428376190197
-0.02097070541893854
-0.4530754660735477
-0.42053715558063726
-0.4291222395845897
-0.4279555402975322
1.416932337657619
-0.8510828457476256
-0.4849696408845988
0.06404448483399
-0.5534204568456667
0.7913596291843221
0.04959822384824365
0.40035333492737746
-0.01318272306905205
-1.2677748586213917
0.059404228007371294
0.4020015530820522
-0.5820912411779957
0.4737610983843703
0.2283789449798462
1.0045599980611382
0.6670757265288564
0.08858574410009888
-0.4924584214795383
-1.0245960490143344
-0.37732931068610276
0.13359447403647262
0.7127736739911773
0.7750089074416179
-0.4938405855325429
-0.031768738240205964
-0.03121057789000905
-0.3832478150627418
0.07501402522308011
-0.48115785151546503
-0.8036454401289924
0.07025888555555193
-0.520935773575825
-0.9925453514942081
-0.31616560799136767
0.715531296996834
-0.2488254825446611
-0.7161728624170881
-0.6261622755961397
0.06874807436200132
-0.53609683735996
-0.6806976446933503
-0.5232106017703277
-0.6593390540684785
-0.8444796315669302
0.04392314969304811
1.1110882540308744
-0.34878876229907607
-0.4629440047684694
0.07711413822601376
-0.9982830529593263
-0.4256720544153828
-0.8346723399814002
-0.45340662474296417
-0.7277890314186933
-0.9517601404722172
-0.5125613058628607
-0.48573112606148383
0.41110957387644326
-0.6940913045863477
0.7931679834131541
-0.6699089871488679
-1.2013951546116464
0.05149210704548047
1.4208100146848435
