0.20220090310636635
-0.6949112649841281
0.21187471481772677
-0.4255628902101433
0.9324651804855951
1.3652410389874223
0.3633103554962298
0.31581549429294326
0.4789430590651777
-0.2191170222831587
-0.28655635334104074
-0.06314957350395808
-0.15224368798760318
0.9396657201657032
-0.5322886311414599
0.7929302178930028
0.7012199550397036
0.12203256114923905
0.3125676714245711
0.08941943029740518
0.8966107231412358
0.4188586205480304
-0.009666398698236458
0.1975742521613072
0.21753386172938335
0.7522853206142679
0.18724619168136586
0.33004926900148435
0.41857588644339716
0.27727783855035715
-0.042248103646148054
0.012247842197515636
-0.3373416384133799
0.5569220447206926
0.6148796559908918
0.6995183479468443
-0.6897249591713667
-0.3432009034686383
0.0011243917926998127
0.5655797618848578
0.9505784987950645
-0.6698940498768771
0.36820653715321844
0.6099986319936429
-0.10708316440358123
0.4227470666360393
0.4129758336747752
0.5118041981405378
0.4695254226472704
-0.832467332380271
-1.2527008788208358
0.4226413070631989
-0.648859357400847
0.20800643326627577
0.2099186118981891
0.3109938363993974
0.5882248641851551
-0.5331598241719412
0.2768471678770556
-0.43736274175842427
-0.923804729043416
0.08598556408675856
-0.33460456731534843
-0.014576001624301926
0.3003991752328891
-0.3998251823764809
-0.9029828438583505
-0.5479502004732543
-0.6552078590049087
1.2106317796917148
0.10647570548021186
0.5926958048899883
-0.2132240774537567
0.067720521008618
-0.4644673487474208
0.9546066187597557
-0.23744776237829385
-0.6320093967420399
-0.5602967675677621
-0.09840046634908481
0.14813433821777067
0.46820248834611194
-0.9323123058675042
0.16846128970869098
0.654198889634707
0.686708296335105
0.8562191727231051
0.23331455694662193
0.5557911273254582
0.49757926243079853
0.12038780774613127
0.6215399935905214
0.5337663162738353
0.28304674450826106
0.36743369718718494
-0.6184205897008067
1.0885893317812556
-1.34002394006208
0.5318005185744658
-0.41425092536479624
0.8412915475487691
0.17178526997558896
-0.10667431113105369
0.2748968315581865
-0.26306445905551845
-0.6210469509642711
-0.42143246135241286
0.6933173179581182
-0.5464697603671645
0.24262558039302115
0.27449684345087577
0.0017051078483057297
-0.6929280568711454
0.14578629609237304
1.0625831277199054
0.12900115089820274
-0.24958837383141003
0.3824315176787955
0.9733335450548319
-0.16913027032622382
0.4530038722897425
-0.764258637520992
0.3929821222037749
0.2685158985886815
-0.21380666824354547
-0.32381941060451175
0.061798886605575386
-0.07275378976305406
-0.3011182363837253
-0.13273445510821075
-0.24872031344513815
0.7525860100410761
0.10297575775532074
-0.7580854928999533
-0.2075364966495992
0.2940659195926757
0.08637427389371187
-0.8212494389319863
0.18203826126273864
0.2582173945633454
-0.16483306058808983
0.6078599363644983
1.2902278436386578
0.159647608999689
-0.9235399855992985
-0.7792991615682844
0.763470765445743
0.5072298785597665
-0.7011476655963035
-0.13896855011410406
1.1351873176468679
0.9175085984072954
-0.014838307920642042
0.29355215415161917
-0.2131171717568746
-0.47328382738510955
0.8274799212173457
-0.4056863890350411
0.27867711985620475
-0.8352285172729945
-0.2542270486416747
0.5131155677568107
1.1314286058286114
0.5086377534558986
0.5698445346941035
0.7103246925771566
-0.31448915395872906
0.40297016279797515
-0.5477489540409907
0.4277604500096077
-0.3280983072559385
-1.1895700388737855
0.6185321540253129
-0.6207952193094278
1.226660052085392
-0.14774368165596075
0.1983475041440764
-1.1170468184696576
0.22847076705473426
0.8480210525904809
-0.9104985476212302
0.530321048757124
0.29627528630121003
0.0019015287074797122
0.03853846062962886
0.15623831700833715
-0.268202489358066
0.00018558497941966498
-1.4463015048666372
-1.1576695605966405
-0.41059449064352593
-0.49373322844079626
0.16527693741970326
-0.3445264838258992
-1.0494094731996453
-0.5095183837932853
0.27206965245352066
-0.6847336134206232
-0.8185912434236602
0.7639181325023628
