-0.4311430897862203
-0.19114197532735436
0.48449970731034453
-0.4754393301485646
-0.0662091355978298
0.409382492455124
-0.13644593606860514
-0.4218914608612626
1.2955812919897396
0.3290167637827991
0.32630777256997456
-0.22737539530478934
-0.006162595274778836
-0.4778280284980812
1.2133721063196636
0.2486173686033446
-0.15539404731415005
1.399672580291595
0.5042280812686986
0.42652354982768015
0.3535779172943617
-0.06361347488229999
0.5180848993261224
-0.006349843442347315
-1.0453047647439664
0.7566237834725141
1.2293417671181472
0.15603181955906528
-0.8214976605064295
-0.09200590680925791
-0.421062177326501
0.7212892873493535
0.2710501121449229
-0.13474729351541262
1.2226907225113552
-0.12534074762091094
0.7580924723900662
0.38888750631811164
-0.5333079847701233
-0.14163115600418252
0.27689811556714433
0.006414214308094795
0.6250816526306863
-0.09568946359338333
0.13495945294216313
0.006079653349442551
-0.5606608363291191
-0.38639075506183
0.047446667816509226
-0.8806658656635463
1.1875878032936442
-0.09330790840231128
-0.4480653039685739
-1.145445341011403
-0.048479583754505944
-0.2348220177408381
0.8600227949393303
0.017556423641008703
0.789135502549373
-0.09355362999901534
0.8980520853289986
0.7411300922824029
-0.8514477558608496
0.21635155603310655
0.9125678887537164
-0.8497617818755455
-1.1915657972593636
-0.031090103076690988
0.3219631267168954
0.9983732849271962
-0.112632691658878
-0.17245170530964954
0.03365197612524154
0.41178857967616705
-0.11103624833916045
-0.8672727322181507
-0.25230947918736785
0.9426638637899828
0.17728384795081578
1.010922427262617
-0.13255746352706738
0.34941843404037515
-0.5057740643747742
-0.06252531340035167
-0.2635781542781777
0.14172723292623296
0.5369679666359247
-0.46011075638306753
-0.08588241368423127
-0.21972122714947
-0.08846632063754871
0.22110040488310315
-0.10754690614599792
0.1315442802338458
-0.22093915422218288
0.046432042580210164
-0.9803320870914282
0.15167614647392222
0.16273935805786616
-0.9898725929550758
0.07284694752907987
-0.46458894282268426
-0.6866219382866843
-0.9747031203299024
-1.058338951996951
0.9162291152429857
0.0015639387891128247
1.061804077100664
-0.3346007078803686
0.10609851861847291
-1.12135279815172
0.16154803697632683
0.2543334132254296
0.1605485092384424
-0.484584361184964
-1.1531346797952906
0.6054500496485445
0.10999269733859543
-0.4039427696280477
0.11737817565307647
-0.32716774270866
0.023852576459541502
-0.2734016738904028
-0.5125199964515375
-0.02096138417253935
0.5116456064334213
-0.42493145267347243
-1.142725280623564
0.49102265950054086
-0.8829487774765343
0.029176235259610835
0.130907764581769
-0.5319022965594403
0.6312789694882042
1.4334146018422065
-0.4404077883874672
0.6498734202794273
-0.1871721710800148
0.19214209153044692
-0.13597821369731444
-0.3680001305382318
-0.2860390693848279
-0.7904658359114769
-0.3220931536497662
-0.34977491602876004
-0.8096533589401963
0.127048501290509
0.04510373744429754
-1.1147806380300906
-1.240679521777766
0.042497791472474074
0.11613579111779647
-0.3307650479555831
-0.6904143239550581
-0.36009587092079187
-0.7645925260121447
0.2572285631586556
-1.4132849747652487
-0.36420470128159965
-0.9141056119061461
-1.2280526137512646
-0.29527172234146964
-0.19042402126053137
0.10471964610123279
-0.9858839460391269
-0.9629052712082864
-0.06791687087514502
0.10312773298148499
-0.3133787914195627
0.5074769929889225
0.20322633535466028
-0.8157824688165132
-0.7690327088897418
-1.3396472537060078
-0.030957627717837135
-0.6953754194723938
0.10312565763543366
-0.33764481166576804
-0.22999903130719518
-1.328551092592225
0.3290563952285978
0.04288442823987482
1.0137574896425487
-0.20692861870679036
0.5430090944400054
-0.5110399708399168
-0.8168110729372223
-0.7057735366493553
0.5333145566012779
0.044287488797715
-0.1951579037797108
1.0288157973758583
-0.4608856895680227
0.1424304283630398
-0.8278000797585002
0.2053877915153707
0.704566718588949
-0.02056598533405331
0.5864179444577586
0.3035163387398139
-0.014703587789194826
0.12281859950201186
0.9844057861752584
-0.425271126959006
0.17748842790098687
-0.9115933880087856
0.07556734884495632
0.7586799015100681
-0.224957998640514
1.0464985122252162
-0.5439614232086241
0.17739796334852367
0.34441141228823335
0.04399943890740047
-0.04888177432644999
0.05325018109690996
-0.48063798014631737
0.2937261672972555
-1.0571628098485002
-0.18713271882469337
-0.4941033223091916
0.7704894003607585
0.20573291541893646
0.9522255206734125
0.1643808689665246
-0.08027937998910624
0.8668446727582211
0.780543111854262
-0.354979664463074
1.3840770933014412
0.4541440972529731
0.3205522540837224
0.33666717102913457
-0.06164281601919293
-1.1626093538945446
0.36514858665534117
-0.10203680586798818
-0.6655258135011528
-0.8864152720715833
0.08348808953494358
-0.2350639116296602
-0.4944207164793746
-0.8494054532315701
0.05711953537373231
-0.6132287474657754
-0.537188237368757
0.5363765349796324
-0.1401102730976981
-0.3079153002673797
1.0156886920896722
-0.04604065128160016
1.0562515459183843
1.0434428151408788
-0.5325311276692796
0.9728768766271172
-0.852123762887728
1.3366941052138046
0.05415124810515976
-0.10048276356473175
0.7666486369671363
0.2775045092226648
-0.4540914265832257
0.4637518075311101
0.28019229884630115
-0.27685741686622084
0.2343693719293312
-0.1289624374501639
-0.08317582167821123
1.5215747300091391
0.9189636799921332
-0.5507493850512806
0.4945650907179716
-0.22180887615531497
-0.8155602692886418
-0.3792297108105016
-0.04772442708649071
-0.6840400856977744
-0.330211655826375
-1.1645849990222306
0.4839262170430124
0.0442833914293466
-0.5578944144723977
-0.8610990319673845
0.0030763286239317094
-0.3085664875308215
0.09355618028638842
0.5324981714518434
0.8044057184565491
0.9333456864379379
-0.2930058419912635
-0.917287058206386
0.8521038704984837
0.10248750218094475
0.49396271074571246
0.04030608368331366
0.8559649406497817
-0.9267264193593087
-0.6203094091782725
0.1847881987826768
-0.4605990179320157
-0.1618679690712374
-0.5588854892704166
-0.022749764102761545
0.16884682935417716
-0.6155046094560722
-0.48436211711225957
-0.08064997715637419
-0.7688130973556174
-0.44916348190820327
0.12911273861126252
-1.4053040196759157
0.5366040121801291
-0.1538573362649855
0.1416532159554829
1.1842441328113713
-0.517705880503784
0.2972207422808968
0.05664150625830974
-0.3053477376595889
-0.9344507685884224
0.09532171977820103
-1.1061774509845037
-0.2723300938492246
-0.5781528347436359
-1.0823277002517744
-0.9031061078041954
-1.241192389035582
-0.22406513435414957
0.2308557058180223
-0.11780089260227126
0.3005384758176786
0.11551248290604042
-0.4579645026955985
-0.3112747030786781
-0.19998948779402506
-0.22234111076076235
-0.5770666419079403
0.5651377065362103
-0.8038156846868606
-0.6173850031741474
-0.31434642379598343
0.48320523490272504
-0.3629664922937357
0.4236543093856098
0.18262445988429668
0.2727375344132255
0.07085368117584248
0.2848249230230305
0.8421286072695524
0.03592312642907677
0.08250526451110461
0.013394158446510453
-0.16192267318312262
-1.0440041673995482
-0.36430223436157044
-0.9142332115982165
0.7712643470070795
0.37130325191122376
0.0764060963941254
-0.39518784544075897
-0.3113642463965726
-0.0501744895417214
0.10272868109734908
0.03607356865664488
0.7847596981909647
1.251847539298485
0.4447507589619754
1.2168291591932354
-0.1586611459738547
0.3073920917695265
0.3551495979626019
0.014056792365659808
0.3829387843037334
1.3267006864676674
0.35246800272909085
0.9124251281738812
0.43768291417067323
1.3502521607658784
1.0602689732532906
-0.1003920497237274
-0.7697336325397554
-0.8724236308385331
-0.5188916451090707
-0.834001176717876
-0.07315374099965594
-0.8986753789640178
1.0930127510231633
0.5350006649619596
0.5813716784861531
0.45232621735104794
0.7918177399850972
0.7753689454472701
-0.29314713326325786
-0.09808501894159924
-0.14756455090937948
0.9210472915769512
0.5846253173439333
0.9840179958045807
0.33222367924845614
-0.851840423535597
0.5554317170968107
0.2686828049545459
-0.11568944789958023
-0.01666136708463499
0.45257604175203064
1.051415682418772
-0.18939022822258997
1.2846789416496605
-0.17339943438889416
0.3990114869072949
0.35754827818724083
-0.026516547811963775
-0.4164466798722192
-0.10996840232337655
0.46083864668367897
-0.1011919686842673
-0.6087150937276569
0.35536269574821394
-0.4694649290034481
1.1388806762522468
-0.09799727347726624
1.2055747324324317
-0.12856317508871054
0.18721454406373608
0.08497249213444742
0.18836667712538432
-0.4656777021469854
0.2621368060367876
0.43129384254831793
-0.03856258004754715
-0.3291618765863916
0.1093709971297452
-0.41488269754422863
1.1613154081603123
0.40630422931804105
1.267440104300588
0.4244780134551042
-0.35360455402642227
-0.9322129022552207
-0.7566535520936749
-0.16533849136153073
0.06749142727943257
1.4967335419290482
0.8229246570321593
-0.36678243707841174
0.21838545746831672
1.0539413946329
0.09185953991909715
-0.8590183291755555
-0.4306180615653732
0.6542008523985293
-0.10291099465113344
-0.47203185618284327
-0.3746365841523838
0.16918984602356585
-0.3602733129382374
-0.3373275781369334
-0.4868874858901853
0.08314105768655544
-0.5837211325391363
0.29087755538066334
0.006132317922480794
-0.6462308986480853
0.4904688256854804
-0.32594027580922463
-0.3522875537704909
-0.06861305738256163
-0.3350559321501418
0.1863983950177594
0.41968722864978547
0.07608640594497826
0.5104053057297409
0.5287685283510586
-0.3491960868063543
-0.04332735716450701
0.10133787065588042
0.1524356142619466
-1.173406201668516
0.1251890927135046
-1.0021263175562332
0.4838972421187956
0.7368347248224714
-0.05439086786466335
-0.23401450130214493
0.3465556174542003
-0.15765877451139115
-1.0441908863771117
-0.3611928984956555
-0.028794976295693688
-0.4431223205693312
0.12122478713257455
-0.9686409649873676
-0.7101051036783017
0.4139280888299728
-1.0366869510245402
0.018028740730349647
-0.00724630309632928
-0.2707640872517608
-0.39407548223315114
-0.3001380403053118
-0.727739921680014
0.0981823548195824
0.9440442044626454
-1.000364313439171
-0.3657606125375738
0.0025640420113303523
0.07822380248099652
-1.4710634004321752
0.09637459311584011
0.12125325983154604
0.12581963278784702
-1.4219580363978892
-0.21149215679106995
0.13739579656320192
1.0510608158735348
0.1789361454601127
0.5807960279176173
0.9425134146204441
-0.11927316227973206
-0.3271640184719395
1.1037188134080842
-0.7268124916156892
-0.9989276393885456
0.8528202343211424
0.06480773270660578
0.22278500113641725
0.5015319773674378
0.5083013713114359
-0.8149846783807935
-0.3415157656538048
-0.7635565879394774
-1.2430630271748124
-0.3290076510159121
-0.577558110435301
-0.33568935505060354
-0.26062161732307065
-0.19688150698774912
-0.29422700722746276
0.030326292239438127
0.4838611113178337
-0.27352202551986904
-0.5210765921067938
-0.4913432087421989
0.23300306039051744
1.0052424184281563
-0.5078137175031137
-0.4634455331556313
-0.1643046530949081
-0.25561451492765414
0.7442426417784774
-0.15173556673715563
-0.1430518626051918
-0.45819428817899044
0.4691053154034267
-0.12890324806016615
0.5200490846813766
0.37582883710634385
-0.7962818257699856
-0.057269408498420694
0.42439219726690197
1.0280480763918576
-0.5217926857917637
0.3610259733039927
-1.2598102104409414
1.084975702321292
-1.286391510876235
0.4821540922464434
1.3654920690310375
-0.03825267164629617
0.3539995206717461
-0.9578244119500701
-0.11309711077551891
-0.05764517057798162
1.1370593860333698
0.36472710427890215
0.819333897285821
-0.8218607371907286
-0.11998243099635797
0.9520576670816303
0.28557946213510005
0.545658444659655
0.023910432179585408
-0.09750940478553825
0.5847861654357988
1.2687544770830792
-0.08724084465960727
-0.22368180101618407
-0.5143980632871841
0.33741794818998916
-0.22665731871539052
-0.141128381529039
1.2618454972051631
0.41747092302025246
-0.12381130942255476
-0.07048431974403904
0.6221559413201876
0.4977132477296325
1.2628503958601152
-1.008654494669931
-0.8793042668892336
-0.13270862534487762
0.08806860796837747
-0.16382364893485565
0.33482633122881544
-0.9319967612365768
0.21209530156542247
-0.52572212859128
0.9936988745677447
1.282950716010815
0.4654724304152297
0.2976807974894365
-0.8445234917041953
0.14418400817424185
0.2745165297564627
0.5433558645470851
0.29302655176146436
0.9759746911026796
0.4068593454772606
-0.5127142661886976
-0.11905647537131503
0.24639659104575976
0.06647037479705963
-0.7860353301985041
0.3281007822660668
0.3840575047750498
-0.049783235945369694
0.7880274972793272
0.5608909358658948
1.2292941145850118
-0.4674718957855986
-0.7102147559684618
-0.40956667864391244
0.8896318950126225
0.33899054603327583
1.0005333307267796
0.40671221761937254
0.7002126589500869
0.24568157003606503
0.8725879844437942
-0.09263386607093599
-0.5204116928453358
-1.1434011574602203
-0.47961306852203656
-0.9439788478470048
-0.49035143734383857
0.17107270971831123
-1.42108379080845
0.10691603915641425
-0.991099772602207
0.49001556308597
-0.06545567784071141
0.1928551330780073
-0.297023245687068
0.07443738245099536
0.062028020853880116
0.8855558592238119
-1.2904979282142248
-0.6937282058306139
-0.13933935533610922
0.09992179359037873
-0.28515158416929187
-1.0339272895193377
-0.26978834817223313
0.473321870172187
-0.8270285364140643
-0.4920692185772868
0.5307742554544269
0.5295197730144205
-0.4148030255254665
-1.0843318737958954
-0.46413812802686805
0.5481042458038963
-0.44279842489744414
0.4079252446939211
-0.9097196540883173
0.1023370913071122
0.5596289743740499
-0.6055164098482915
0.1720678557523792
0.24387850788405446
0.16019329739212754
-0.2266448164326064
-0.0393097548037181
-0.5024895532501665
-0.7883443658595776
0.07053636635613082
-0.19984421225501248
0.6545124411254435
0.21024970597711776
-0.8208965575693817
-1.0748291019633536
-1.0337180425971004
1.5673139694720302
0.8720968765236701
-0.29853198899503247
-0.5772030521691299
-0.3996740845912053
-0.25184953773398283
0.25891247173096155
0.8007898875488587
1.1040687666024276
-0.742382533933365
0.011799272017415536
0.31447000831892075
-0.3227035442370867
0.6791162126290015
0.11272089000203767
1.316245033066813
-1.0204656154568577
0.8079711837977136
0.31931907524408437
0.1215721988429907
-0.9151349504128302
0.28156442548844657
-0.30620518072325287
0.08789115035590057
-0.35640591082057477
0.46851012061283653
0.142680735285998
-0.373775464961626
-0.21632434152311436
-1.1827319294667231
0.01089070716546484
-0.45831418038375465
-0.2449899167422476
0.12032122400730125
0.8612265320871788
0.11194980173765051
-0.4370729511773636
-0.8148025861050795
0.6328043812216988
0.17497095282383254
-1.3886154809897981
1.0108982818925
-1.2952838255991015
-0.7993789022403958
0.8582180776301166
0.860715066003303
1.468505444829552
1.0791363889940673
-0.06822077105866259
-1.2758758327676196
-0.04112916064039654
0.8590924923070001
0.8082631333976242
0.767447578237853
-0.5101788877716051
-0.9255797035844112
0.3894675553541436
-0.07478027717033535
-1.144687883270819
-0.5762067238318656
1.189824556482947
-0.0957700226205244
-0.11306486182672346
-0.18017961737847168
1.2263074939811125
0.264354873962355
0.21594800343834297
-0.14699460049747254
0.643845094961561
0.06334759170259623
-0.4183662729170074
0.6747327389971197
0.3662740398622804
0.6234417205499172
0.32943167555641134
0.794689484361804
0.1777377100764666
0.3295664219758855
-0.11369461769246526
0.7171996409521567
0.38211097810096795
0.5223288692812477
-0.4986215744203412
-0.04617098769147315
0.44811325636949295
0.3745350463167069
-0.08168441873372036
-0.6684115375501423
0.3234124805027345
-0.4091605118264585
0.3697417597654508
0.4792342219983773
0.9974046374255526
0.6697223646164722
0.5518068644615818
-1.5411407460880797
-0.12093651773210058
0.17835150347657575
-0.8681683362129673
0.42236908408104645
0.5251373426937674
0.3638349486179674
-0.526038573256151
-0.07932723155317672
0.1653741459424289
0.4812421875537261
0.4655819245822202
1.2584833466349725
-0.06805466993112462
0.9608853581726544
-1.1390659578988473
-1.4031036931436314
0.7018233556343089
-0.14886737470774333
-0.1132552242872059
1.1628463489774645
-0.7588701455275273
-0.06684255834727944
0.38861187259973184
-0.177299212563833
0.8951833945190514
-0.1475223139249622
0.5640222828054766
-0.13237957170236883
0.31640086353318736
-0.01797652461933078
0.36587866665818064
-0.09322534396163545
-0.7002679903542434
0.5145751095031607
0.16206690945545105
0.26852438025027614
0.14160936586821515
-0.5278740928920077
0.8454159273094323
0.10459175700964524
-0.4787104561854827
-0.3408566644652702
0.12622277713688984
0.002113908985627611
-0.6978507442340369
-0.9150927896205344
0.0533985555834284
0.47935693905734994
-0.18545579845503082
0.05331950409742024
0.1671692626391009
-0.04999456822924786
-1.1434434895472942
0.536263733783465
0.5119480488091944
0.5981993949423191
1.1853639084033407
-1.1865147393175235
-0.47076014847518916
0.09117649053213832
0.4900005344520385
-1.0872112077065843
-0.4339236650443903
0.09737727943576732
0.12090381635670484
-0.8655112129863437
-1.0925009154800829
0.06328140896654827
-0.6682505092896288
-1.148414045639087
-0.4737634930741912
0.5236695393509266
-1.1289879557377152
0.5349757255962383
-0.9927802097571774
1.2157911764740874
-0.1090013775245508
-0.39631967341144786
-0.33466256617394063
-0.23428001914069504
-1.307538925464916
-0.4267656217443656
0.6324224117413495
0.48676136668134573
-0.601695536192785
-0.17607804785534034
0.9176878511392272
0.14300523730152825
0.49653762226121045
-1.1245315117013037
-0.802017971973961
-0.10432969960967699
-1.0306502350700175
-0.1958727993640163
-0.6275973967882587
-1.148197939578437
-0.9406615611450394
-0.038496596175145045
0.5665664653528062
-0.06298922461039755
-1.2141563365523573
-0.5135924444999576
0.9056156990236823
-1.3286821389835994
0.12367179006640162
-0.180146796075269
-0.48083450232003055
-0.230506559476121
-0.5975859765275175
-1.0569929784025331
-0.5367160204115853
0.2031491558413606
0.5181005325095293
0.5078936779912663
-0.5097173446496909
0.526769231883915
-0.3132669354749845
-0.2930974196151677
0.5101010403167372
-0.05001507608587539
0.7461662297998932
