0.06818306119698302
0.6519311246283114
-0.5297651530238989
0.2293549658799862
0.006249179636127853
-0.8627926656381748
-0.22128831169945315
-0.04441807815878421
-0.6366906031644227
0.04380286811603333
-0.024524407188892202
0.4777853338584107
-0.03617980564163475
0.027765140146595566
0.0022427942736821644
-0.38956403164277886
0.5590137028444152
-0.08742783660109214
-0.2923898537538486
0.5695358174020341
-0.39571750293576463
-0.03658519672055475
0.32592260201864387
-0.03607577261630045
0.4322494993029739
0.06157146313175022
0.3001403865988712
-0.03042624208384811
0.4229021082890957
-0.7224263553366114
0.35593642786740265
-0.06974090693829768
0.0655622235932677
-0.2739060189206618
0.5635579419758773
-1.0669029172677762
0.047627281805624186
0.277886338894711
-0.03520384356831527
0.3367635992476525
-0.3298045351373035
0.24055946006559645
-0.3238331008078938
-0.3181447403382427
0.27798078208400273
0.077692815415528
0.010659048208561313
-0.020851595548785438
-0.0692897327266856
0.2547618663005006
-0.031345928842059445
0.03804990197463728
0.013962162442754677
0.2708388237760325
-0.0643845355026345
-0.23359352163347774
-0.03169255608554579
0.5008384190479129
-0.027977219701531914
0.04618861751348472
0.3642127972961461
0.000764569186331883
-0.11831623441355375
0.03022719003079856
0.34337152229557216
-0.06470999395534444
-0.13468432888039406
-0.3039411704456799
-0.009490173816966764
-0.34963835503235585
0.6620216867305733
-0.036720359670274344
-0.014290466234016716
0.4736872549634972
-0.04768132144486091
0.5505880548522541
-0.34391281000135937
0.2674178860404405
0.008621082674939138
0.32505019830018145
-0.4857737275284152
0.10404402549131893
-0.008237739413985748
0.6549126720075837
0.29083308008818115
-0.5763510222535765
-0.26477292016112886
-0.03943457321617269
0.013801738127062462
0.35619335570341853
0.349243360259863
0.3441805251782517
-0.018249572238588585
-0.07463939972761906
0.038241309478147356
0.37366838412649517
-0.40144396029855584
-0.053922661093306956
-0.5057116672355548
0.037586838341705064
0.026965378997920564
0.07100999920158539
-0.008349749526842127
0.24726657344088523
-0.04855416606548197
0.3547883669924154
0.6097569559612839
-0.316595458020272
-0.021372582699346974
-0.034476638022774626
0.043395674420867156
-0.33297566275487195
-0.29435544323848467
0.598642246710242
0.023804477227248485
-0.023421202175991643
-0.024763038113249338
-0.30653945430539503
-0.7605169227581884
0.6913067847836251
0.07798150542052122
-0.06056897714512055
-0.33249924229926786
-0.022707064103268733
-0.40452507999505105
0.5409938227938523
-0.6748640692238693
0.04776995462103974
-0.4133474022928377
0.047496259930493785
-0.006246877274542658
-0.07092080013413432
0.19215727759050336
0.6819431539118642
0.05528565537334394
-0.004700599935653456
0.32315381397852105
-0.09642005923448879
0.0002617506086992778
0.03138505643700176
-0.01782334645334098
0.07252288022135303
-0.16423200625156184
-0.5695158232562086
-0.032061045269256704
0.07563097095526154
0.06354238237036985
-0.1358679133162917
-0.02564970658582819
0.03575160123713676
0.369676928157119
-0.33599581496365905
-0.05402899805891345
-0.04505648028418354
0.057051020735552356
-0.07693729617064486
-0.8040710805743481
0.3218348949872364
0.5543392643797825
-0.00752395038627409
0.1276270059268977
-0.04914956508409251
-0.2647264206507336
-0.5941579395575627
0.19712825840459328
-1.0714436739419166
0.011749068188781922
0.02301550612287852
0.17548839086334053
-0.866164911742987
-0.2707124376474653
0.08048615481267793
0.04768727399102327
0.013479198563058
0.41354871853738145
-0.2990936702927607
-0.07207724075218545
0.8176220204520022
0.29504709574458343
0.11317295753810203
0.5457371638216569
0.0914070711678035
0.3341659962115495
-0.2539238136987834
0.32123475678479324
-0.1400185588532312
-0.6202876594373291
0.31800682745768855
-0.16623966695195858
0.023481539237199978
-0.004523574007844342
-0.6342230743303741
-0.05720341241306902
-0.01179218117352796
0.07662849121599731
0.01977974108265778
-0.588510155855772
0.5784635350844224
-0.32595575632103396
-0.5436057488122414
0.15584242869681814
0.022807400466825736
-0.3163876657204125
-0.6375281349048506
-0.014636903964125978
0.012725111028201185
0.04957290468817779
-0.012135702443887059
-0.06365326673915953
-0.38755874161402704
-0.3560027121349426
-0.056921718896823
1.043321377127189
0.3454010593395542
0.3857408828157665
0.034408309683983763
1.0344832924808025
0.07608399642505627
0.0322433401715356
0.459191959648855
0.0013579993305322955
0.0639959647908908
0.11611411761488998
-0.6824520256395377
-0.5890976594826511
-0.07262385940646188
0.4653123916755458
-1.028948201399123
-0.3238593018085879
-0.2237147673696838
-0.3869306550089537
-0.03336730194621817
-0.004499807123729131
0.0241274646181696
-0.5678773842782189
0.018179076360185568
0.060118524013914966
-0.03703712052562004
0.028169746607923665
-0.5420698133829377
-0.030617276153467692
0.29727491465550787
-0.3540682974933005
-0.0649151573182937
-0.38885484020791317
-0.25020059378718945
-0.5023377620389179
0.3419455553554134
0.014983616224021891
-0.08465341959612621
-0.1424968306223654
0.32750745924904306
-0.3288624424915448
0.021079333151370432
0.34739673181997294
0.018257709158797392
0.07664285704500365
-0.7622278946162906
-0.015034970399656428
0.0667665218192467
-0.3534010051940602
-0.00022496134535214763
0.0710227496085381
0.06754531250572521
0.19630795335196252
-0.3668535902620944
0.006596174123734857
0.31853072602121946
0.013026475885036184
-0.002663072237826232
-0.03581508193982071
-0.542738420211057
0.006689972388809062
0.03918589076838309
0.008449827564865568
-0.4561804040574372
0.04479864593798032
-0.008560495398702045
-0.008414444230242048
0.01096778870254385
0.029263194199452856
-0.002867055312147478
-0.024623901309023276
-0.5322538934468708
-0.3510284627469386
0.9002015779005286
0.3101904301839961
-0.05088784481274275
0.4734664793326833
-0.05607074463271681
-0.0005999296396469542
0.03590902456494703
-0.5289882149159807
-0.3495730130545241
-0.018038385688568203
-0.31142265236976324
-0.023855667426102487
-0.044547354836551235
-0.39163023408452086
-0.41976024314504656
0.7019636374392778
-0.011563647577170717
0.2988464646993737
-0.13252998828994442
-0.31166717477846906
0.07422178265069773
-0.07848470335598548
-0.5713923865868905
-0.2250164033607048
0.23420216535875574
-0.3462453383931285
-0.19513187231338833
0.05056746025615228
0.2415047928707775
0.3605824034010582
0.35523369844628455
-0.0059909378930498225
0.264342447310179
0.35231282706026473
-0.8059082213945905
-0.40694713423739665
0.12525496756870064
0.3428435172515075
0.027756649614070563
0.48789608697003695
-0.3422316429756848
-0.39164178198775185
0.8879367963319104
0.5671592356111674
-0.3015272786256541
-0.263239048397805
-0.03910685118182531
-0.049157030941938955
0.010927401872030274
-0.013904659025133683
0.3327246435544174
-0.3237169644276343
0.1861927273042404
0.5213176021589051
-0.22474549207078917
0.36259368391175684
-0.6046748962686865
0.46502815585870233
-0.07624654988639311
-0.5303806228477107
0.25941758998985864
0.5046217372565427
-0.2660774398609784
0.054640125845056536
0.22302907136575825
0.5696642056197738
0.04829779736781401
0.07928965519299833
-0.37030001172315863
-0.05084750568680354
-0.39429857046017436
0.0404669827652028
0.06938705994595415
-0.35430055624410706
0.2914229088492821
0.6640430432767455
0.29450062372597857
-0.277742125371679
0.0928730468455668
-0.10386399895229381
-0.5142903363155563
0.055423087609566955
-0.07237600480350498
0.3805311760630961
-0.048528498532488515
-0.025105620177141384
0.016691560080421337
-0.0720140861146828
0.18766323567394505
0.025230721610288873
0.0490172513657298
-1.0716407912526986
-0.9609041315431397
-0.025659742957116375
-0.0009789535663534065
0.01821343551800172
-0.03567105415558352
0.5858311514211861
0.5301173166039846
-0.027248659885164922
-0.032672477361325045
0.8462202986866317
-0.08883134054164749
-0.5100491850056342
-0.006675393763244071
0.347020924153636
-0.06830329863955824
-0.2687638208300113
-1.111793778901928
-0.01320793238819962
-0.41632664050610946
0.3035901109850211
0.0410183142904938
-0.41083302206269434
-0.05735200734370421
-0.07082028231015795
0.3946879615686477
-0.05040891074771595
-0.07954768930253349
0.03736357475013965
-0.197422094833417
0.351993704917228
0.03992170888523473
-0.020313361185579106
0.046338330008329764
-0.029938888036656074
-0.3428265975227859
0.441198994322602
-0.04055415870615384
-0.041167099152972154
-0.01063413415015341
0.42293164988203596
0.5236656350570342
-0.28386691749372767
0.34200451812483507
-0.04742001749824695
0.6025758359465031
-0.09784164740970014
0.36116137593345377
-0.030596196310354283
0.0731883889971208
0.07208791534480326
0.2813475546152886
-0.020053575805451942
-0.5682383210040777
0.24068058114532867
-0.01890107171941492
-0.9078157315319005
0.016815357899802635
-0.14928297503080312
-0.06711226317932287
-0.07256622669567576
0.38458760487223753
-0.775956530092377
0.044465279238087185
-0.07538918784785363
-0.3310497523109359
0.031583879496925926
-0.06551740094450588
0.7970515601485957
-0.008548236171073384
0.5500412456622665
0.5461072870854896
-0.05638621140558755
0.03710872880961344
-0.006350252466109668
0.35832398796201426
0.039174396000745605
0.4660634588087475
0.05982435865457492
0.867768555374073
0.2589915149376411
-0.04216046133530785
-0.048430065594715986
0.04478118321922647
-0.147073974805779
-0.004314228464306886
0.04623106335257933
0.3400082858740855
0.05254942590437298
-1.0526580239379002
0.6150426600993685
-0.07762170402740899
0.4026122251200811
-0.2003102759036168
0.10708097779486465
-0.0711171962693673
-0.5256163871143703
0.3446272797179139
-0.34401977690261343
0.07004519010663104
-0.00837179657895198
-0.057158146947111646
0.05888636924922143
0.04603151098144003
-0.026193190363653827
0.058096440043919714
-0.21587456924855775
0.07284012119888503
0.551749553434342
0.3199858701206773
-0.03585465833156435
0.025301050603361134
0.029307797368258493
-0.353244709293403
-0.26165191606472477
-0.04739246532106859
-0.4993564034748133
0.35922093731851357
-0.003410346496022074
-0.0698056761395713
0.3623749269948401
0.31785374018323553
0.0595287824122888
0.06799458198295087
-0.0553209389127728
-0.041243395360549905
0.13209980203803803
0.33577106845848603
0.3297878568673051
-0.02794224055970571
0.04077086677319167
0.03165150799732197
-0.017453699506390634
-0.04970115529326662
-0.4539406752239561
-0.448639516937137
-0.4965363375367372
-0.22269350956918324
-0.049602178324043095
0.09164867029048754
-0.4586534881059527
0.3712655138472265
-0.07674231996881878
0.2682414980684432
0.05016998472653618
0.06205402566020463
-0.5180190615373552
-0.028070302913411522
-0.5467744271428899
-0.03533013699652353
-0.03771091288952365
-0.18680524522632472
0.3901976556160636
-0.327340740385247
-0.03419422789400657
-0.0455489939159692
0.009367969471774446
-0.016081971021567863
-0.6663345287841429
0.28753190034509774
0.007246195544370399
0.05926009328938981
-0.013119505926814278
0.6643799036688675
0.4611635402293775
-0.30506324881110747
-0.022210268970631927
-0.6380387352836238
0.25272752493265527
0.279631691272639
-0.3114200911143318
-0.04951892859260895
0.07264946692044441
-0.7066066324064143
0.31629722433467017
-0.011183618541954293
-0.07167718458606863
-0.08515009091867565
-0.5975053799652821
-0.03282280322720824
-0.729908506007656
0.022997301480858403
-0.5533156157484622
0.23650054779073523
0.03062535231714696
-0.019998357918918533
-0.009909851572606123
0.3345120258709926
0.006000098406525186
0.028584895674200694
0.03543811760139528
0.2608171223802241
-0.3505918212197952
-0.5261127333359586
0.006299689218552887
-1.0384911857489725
-0.5999993644678617
0.013178511176253451
-0.10548159351206486
-0.047479999074258386
-0.04385790773073455
0.31186645714057987
-0.36566740506089285
-0.19246510058004457
0.038289928557900796
-0.01985073739356071
-0.2539433430003765
-0.013069442122859716
-0.08056537911103714
-0.5318046611610965
0.5353058731153386
-0.03398788132239694
-0.35133721324527806
0.3608274091334207
0.29507471274077257
0.1631457241346026
0.03284159055139347
-0.05568051620755403
0.7777487766997796
0.050570426330530625
-0.006890341010918609
0.3108475884507891
-0.013264272321236463
0.5364604921485749
0.3050856439341231
-0.5281281284220438
-0.5193034361831309
-0.12925535183389927
-0.5741882273261436
0.06944968013368398
0.2816069298051787
0.051651354825240046
0.03145715509749141
-0.0014399033274565157
-0.2513806152846555
0.032460601601994515
-0.020401530674883244
0.05759768544335575
-0.5003461714527211
0.1116849126860191
0.012545560172227566
0.08211515986671382
0.02103505984842046
-0.08541392112065989
-0.06938963196859672
0.31896427275922234
-0.5182550160868824
-0.07011960933081182
0.27102041200714005
-0.06460473084057758
0.3342469306663582
-0.04112335064157061
-0.637353877468207
-0.03800990442675855
0.2544597440191238
0.26659184374824874
-0.2711818746356848
-0.028882605647659054
-0.050098456452040245
0.02450376822173623
-0.25432699994017693
-0.02453479898288525
0.4659454696989209
-0.02812489961703462
-0.3650463964714681
0.17934407783397124
0.2923352827169579
0.6076621529991697
-0.031921921276190715
-0.06109869499286068
-0.5326106491948048
-0.015283224355657621
0.3499868891251915
0.3800068716603374
0.00041388971049457986
-0.01266970768305327
0.02849015144684943
0.00641257776560464
0.05330743733861474
-0.5685664010408871
-0.01265354444730991
0.08360648848966157
0.08431439610136086
-0.007667067975628858
-0.17546669385810365
-0.05486815447492895
-0.6447101752522718
0.19001399351699363
0.2870010492636933
-0.025607135504273827
0.0049953561518615045
0.5143557814547296
0.053890509745332854
0.4260383498044046
-0.7437798075213208
0.03941904217414724
-0.26140028569735346
-0.059882928637227426
1.0994280876209586
-0.29493576030221136
-0.028313297870697807
-0.3632465427910085
-0.014553226173072585
0.35551975442372
-0.5387100083498781
0.03538332686789549
-0.06880810822579628
-0.5208945460334803
-0.42329499687584027
-0.5247041272800874
-0.7278892979828713
-0.0618972391044965
-0.02432411411324198
0.29900238705416043
-0.02828125934445385
0.31589300550396915
-0.06471704038207211
0.07512562800211077
-0.006549005864680671
-0.05181802311021143
0.05438368881815365
-0.01721853576067376
0.4510251729509108
-0.09466996691475156
0.07236803039345313
-0.2864906785435382
-0.07765996333071959
0.34200624668768936
0.3695342399160179
-0.03153403771201827
0.02554072775721288
0.3492421732178536
-0.30180273044787387
0.06556717810591642
0.3105296463703636
0.04632230016625446
-0.03382529910583047
0.0398644972395446
0.08708138119737098
0.0019955248809533973
0.05522022674507059
0.04879642171431186
-0.052604106260964206
0.20601235187431802
0.04329515078460483
-0.5643758321159402
-0.2582651762349527
-0.05262869380716681
0.0010619380564116459
-0.10051718511832734
-0.5518049422342017
-0.01436927192705993
1.0254293188809604
0.9039474135313293
-0.04808098103287531
0.3904935817411651
0.05266151149813812
0.04744227558591622
0.07213855286651066
-0.018179823600447356
-0.5351792753268739
-0.523690781193939
-0.06476944834482831
-0.4636958049659821
0.06498571784556594
-0.03410386150143588
0.0013506311948013776
0.29673031458612725
0.07229177184284605
-0.5498129949785845
-0.015009978743063736
0.03202456541761733
0.3520124082492857
-0.031114547523431454
-0.28815830486470023
0.006754043603499844
0.014372837377137317
-0.015932868497267386
0.022036296454008612
-0.07648519849371986
-0.07898802261992142
0.3082454648070944
0.0215717060405293
0.034118407493336445
0.30899650210334434
-0.04526171168978053
0.022644429714219677
0.04996667596381871
-0.3604937456282602
0.0005320801623538897
0.861593388113133
0.015390842270310883
0.3616257351975381
0.06043015864348482
0.07709549539970362
0.6634532676772625
0.030241348818424534
0.34272791869403146
-0.06477546477588857
-0.35314759856383626
-0.3484870430068173
0.3099535349205189
0.48609464383100043
0.006050733180816395
0.16548437416830533
0.0021260611440846538
0.0402680645376577
0.08064027944473916
0.21907152951585887
-0.04396131377789751
-0.0014856193927599622
0.20635185515208446
-0.05606006875976935
0.025812683210249845
0.5755137943236652
-0.3488612400113443
0.2984253876878618
-0.05140535318034071
0.6244790809981786
0.0017921774312071221
-0.048042872134782824
0.019462484545934886
0.027565993025432757
-0.16545922407364883
0.3655724231297365
-0.06150286371187453
-0.005075633548281333
-0.24247809827062744
-0.3360156017760357
0.05771711849832044
-0.030487273308431737
0.3168436078618602
-0.5240279248290342
-0.3849288019653346
-0.4351448279547192
-0.06872507993760246
0.05780009294757698
-0.1498191284673078
-0.6074915573656352
-0.25040353605204807
-0.4943407611030805
-0.051879261328919166
-0.03165224086780557
-0.22599983231319695
-0.20030944279667276
-0.09275038987178197
-0.3017162345437143
-0.3981358548168066
0.269330611927878
-0.6518744713934335
-0.0033924632149695713
0.14226840891830703
0.025327439342256994
-0.12202564573711513
0.31950217729317826
0.615012529419611
-0.3063644520284487
0.0006935646083546264
-0.2624755769302435
0.04772061792835659
0.2241316090302312
-0.011339953617587085
0.00719955404619321
0.6462612660459884
0.3322055822527586
0.047241550815661955
-0.010828219316175648
0.015374269851137523
-0.04547655439570853
0.0381225381621607
-0.03105693275292106
0.29529495749924817
-0.04167638191930035
-0.018502673993649747
0.012262144872800945
0.07643819669947916
-0.2855899272242969
0.041235361466027666
-0.009573439384559023
0.3706304832291282
-0.34471850860012077
-0.4339736348596655
0.03753457808161767
-0.28489864014978533
0.5183311916021894
0.38578984408833605
-0.055065468149667694
-0.5756469423480272
0.05589035596696235
-0.3163685421534383
0.005302916513572931
-0.3083624477075361
-0.2683491817171196
0.02206148455974137
-0.5799865509515726
-0.017089924111855517
0.37025838746864426
-0.03749364898681232
-0.28518098306835254
0.07912809361062015
-0.5440913648130962
0.3212534431509834
0.3730635732310356
-0.03404202777834925
-0.025030745083449102
0.22131848191552395
0.03505782606822281
0.14926619702254296
-0.5329560869570248
-0.07103004630197632
-0.41529151530152664
-0.2962369750454836
-0.028867179439622366
0.1337262814405223
0.08082075971371903
-0.02161170860501583
-0.04460365304060235
0.2881481310381916
0.05319851431791898
-0.3530403969334625
0.3338173431483681
0.0007335020104962586
0.018095518092183197
0.3107018003621821
0.002897449415992699
-0.03606621702615746
-0.06365090618228941
-0.017396225827103068
-0.02537724485718866
0.07590545436337656
-0.5460660666156775
-0.32149000556802176
-0.3377596014224252
0.17119814165263994
-0.04246218402362468
0.061905765946700324
0.37056467278685246
-0.25003167178039465
-0.23502813512540816
0.299764915938064
1.306449552753818
0.03529855180468791
-0.005135665585682355
1.085885681026676
-0.03937959967111318
-0.3008824135094069
-0.0009667427811108326
-0.09817643999731565
-0.03948554773536621
0.7384489355468906
-0.34324437758064813
0.003949510956825794
0.03254169065980823
-0.2657723116634477
0.2068366332947511
-0.018327626066606525
-0.03534824236510329
0.053897401892920374
-0.26802763164463084
-0.31901825660825234
0.035816602977213
0.5796339195858187
-0.01389968425656654
0.32011316651485777
-0.011662363488607505
-0.01546867620965375
-0.3229254436855716
0.9224205970153228
-0.0761288695097604
0.0026027505067798833
-0.05291552378332635
-0.049669372080528525
0.027147704951138316
1.1410788784375736
0.4032466269667054
-0.07904563171389357
0.03659654532697592
0.00530603654234446
-0.1284712380226292
0.30696568459304613
-0.025407194179565138
-0.02921149720276954
-0.3734625855424077
0.049560535376064946
0.005009900646383725
-0.003006447572468524
0.007100887966114276
-0.005458661867215916
-0.0033886855240953463
0.20035798097892346
-0.05396607636918008
-0.6534815954389025
0.29150053059244385
0.5332520880070487
0.3426199392145298
-0.4318962271861682
-0.23989059625930392
0.16141088854336647
-0.039410630047945004
0.33325639094330745
-0.06938195125138348
0.04236573863233025
0.24433083053321977
-0.040925552197391406
-0.3606552348475842
-0.6882179118207543
-0.22630956528821383
-0.02742407362361294
-0.08360709191196264
0.5044337359960733
-0.3971107892517041
-0.0749871130049562
0.02551253644284493
0.050898222271510085
0.42173218919747624
-0.015000641467139116
-0.007029101166304497
0.053289841851323384
-0.6650597940670899
-0.014097960476349045
0.49967165840272515
0.010987521514292529
0.06521345199206938
0.2635230008678364
0.034646306332147214
-0.3666022532210958
0.36321104531891607
-0.016028450368872085
0.13583300997859019
0.17810858254958098
0.39324515645863006
0.5310328587900058
0.04379004694814054
0.11866767137092346
-0.07412559270957941
0.028246553727728597
-0.3178387127364131
0.007011224104814221
0.16862519893401645
0.040915154125088234
-0.05559668152100583
-0.3141918291056966
0.316091854704385
0.23517787715893285
-0.24440278177129734
-0.08004688123277946
0.21916952644115043
-0.031127823460858562
-0.23055753690394185
-0.007645429282876682
0.020447379581022322
0.31330633973123007
0.03957798247727645
-0.09738779854231351
0.2693283169035738
-0.008658137137815249
-0.03344537994145516
-0.03368816566289469
-0.05938102783264402
-0.04157147004448547
0.33086218814617274
-0.4410337220709373
-0.2694191095525913
0.0006486197288672786
0.04178854887799416
0.29404825801065376
0.23184360449408928
0.6076719627426171
0.03787253311616726
-0.5776625526480476
0.56004711768204
-0.32993240478804275
-0.14826334221115692
-0.3183307763036299
-0.022973822848645308
-0.7005271490349635
-0.5225858826046548
-0.5532064336732547
-0.05391961165335086
-0.09267772860074425
-0.27078413467934304
0.04000264747837132
0.21748522007852783
0.47849781678499187
0.4758337907387536
0.0141974499318239
-0.19863755003338562
-0.03607093736822066
-0.028477350664281073
-0.018467275881431825
-1.165625519509825
-0.4351605244900295
0.2560349366529129
-0.26929287677308933
0.0630576327018821
0.010101357554315524
0.363431168991716
0.0005516775761124491
0.30756002982116215
0.03408666629041592
0.5501753832611516
-0.33347566344439245
0.8172787645663036
0.3555618350392517
-0.302898107051678
0.1907835771855061
-0.027754800200082447
-0.3940798826763919
0.3415664439660923
1.0647777704910397
-0.037539451543624265
-0.09162567593525538
-0.007308420580350992
0.2843290931872001
0.013211603746494596
-0.02053093784512083
-0.00913130017579194
0.045324087626986566
0.0667939876243442
-0.4082175255937652
-0.009527512617894283
0.24468613749014317
0.02227855145573205
0.3738849880152561
-0.0012083939968503196
0.06933494018703615
0.35381078401303756
-0.34448778406294217
-0.04369652245697018
-0.00910642132221995
-0.06873260777123785
0.03574810366160073
0.03957827220295567
0.12610843241267225
0.5134755857438354
-0.3858650604948987
-0.2365115470601823
-0.019095177392072286
0.039845284693286236
-0.07855885478663518
0.021625883594935436
-0.059094665780857876
0.5388295534748399
0.0045066954090323815
0.5284460674475326
-0.17720869702306608
0.03455638442165741
0.015700362562957374
0.33559381653622233
-0.392967552090067
0.3419443842117791
-0.4138352772457783
-0.04408351668187247
-0.09849794172877777
-0.012322360517204036
-0.19130524065932525
0.18980213097183554
-0.07752300190016824
0.18580809207094018
0.4425784008151647
-0.060392059817916954
0.019425158727355455
-0.01265014041818848
-0.3016752369647873
0.3074031409595659
-0.033648464662605806
-0.013234005254330165
0.26612293118665814
-0.38533346837144283
0.28022892554728535
0.6205648801920337
0.40200517517402207
0.04002343269076727
0.010181835512871159
0.030296094518878984
0.14142867091610273
-0.45327575672436793
0.45757225055929224
0.23073754149892006
0.014517815606452841
0.2572599300275057
-0.011703344684427613
-0.08408722410111599
-0.0443972791685768
0.35710624331637575
0.5713599560244021
0.455502595325822
-0.4972627267350834
0.5879551178998841
-0.34965645568823045
0.3442585721380904
-0.030809688359989002
-0.21717899367253143
-0.341323394408623
0.410050015309757
-0.7245027037270926
-0.5655841444616247
0.3368277815733783
-0.34897299831888895
0.07027786574274766
-0.00607713905903687
-0.16520559256965747
-0.04821499054753575
-0.309383997652035
0.09280735895106906
0.2595222888648462
0.5609507477896973
-0.1806613678396426
-0.2692405977621052
-0.05700855368634367
0.01248895215007543
0.012777765632664641
-0.04072994764084821
-0.9140415202817068
-0.4702798521450202
-0.0004186925375833616
0.29106537523858256
0.07323867535435977
0.030430260240474336
0.35586140290865304
-0.0574375824610961
0.3258849631331746
-0.01121808547472206
0.06428057081184102
0.044914624431675716
-0.3055074495048851
-0.01284918047076321
-0.5057975322918251
0.013129031292970538
0.050519793150165436
0.05752395280791507
0.461038291803305
-0.08194645154882892
0.5550830346743609
-0.6215124276011128
-0.22475688987186632
0.061997144505724536
0.04520685590991674
-0.06494671808019345
-0.026342890203618456
0.6065821452498361
0.033766449537250706
0.07743750666305577
0.7832340438459027
-0.01937911413448615
0.071720161704554
-0.05877376560428558
0.04572398601893643
-0.58006425247079
0.0014178878953021497
0.009300912349025933
-0.7572134766262304
-0.3778554815082826
-0.7315391377000428
0.02857479372210346
-0.0018397003784650207
0.008926734488597689
-0.05706405244133902
-0.03644627286448191
-0.04887846493552742
0.08182818807267933
0.055343776988021946
0.035833774993883766
-0.5392130711942245
0.053608090587742026
-0.8422778024969926
0.03537354180338569
0.045322292294600906
-0.2597643654642601
0.07123858368592938
0.36494195965391035
-0.39727668185260356
-0.03413598452557812
0.13910416960180835
0.6391258041569733
0.21689351198890425
1.3318601097001836
0.024312285575411693
-0.049782908835333914
-0.06393399006556641
0.395378418040134
-0.44743615514084584
0.43580619960105366
-0.03700506493931285
-0.00867712630558288
-0.004414457383441201
-0.01718479315647889
-0.01521991368507934
-0.29339547386305687
-0.0318647058262337
-0.16050178209149465
0.4888294128158947
-0.46687163692859474
0.3439279836179098
-0.26878390712876415
-0.030211657118079015
-0.16693229833680814
-0.2624650553610164
-0.06926479666945243
-0.00683213991243237
-0.04437270131323454
-0.5465591797606933
0.026862700778182886
0.3030650135881725
0.04643285323360683
0.006693993396724065
-0.02336336551180668
-0.20879348801392195
-0.0797751623196262
0.31835432129757385
-0.004681800350275554
0.020948327198480887
-0.2950718531644595
-0.05989105645369645
-0.1089793397523287
0.047346367072805734
-0.32999628523000724
-0.07558187248226075
0.019994124798991524
-0.023788016964003903
0.033646354178631356
0.32647940463956154
0.00033417767836221954
0.31858799893713735
0.2996023102560334
-0.4636352883671018
0.20961951825457942
-0.004346417890433555
0.0016193894481512342
-0.22611832058677733
0.45693694187091927
-1.096003609718953
0.012373829363670808
-0.035319907162391626
-0.013613016535870904
0.23892401933839325
-0.035709406708152924
0.3011123388045955
0.5295978878063051
-0.06636681090593448
0.18966685971753683
-0.5059127335364834
-0.32134309198828476
-0.3359510187124445
0.03845371774714272
0.14812415371346205
0.5818009881797859
0.34516560681366504
0.03612795285054793
0.07872876810460686
0.32298508472625176
0.4123901023278574
0.33682971368185316
0.5700525270893562
-0.24752683462284944
0.33993275446112964
0.02481597892753174
0.015934881253735978
0.04954307772392418
0.3658008343028212
-0.08362963164896102
-0.023583144095876477
-0.24069319725676247
0.16520355370666046
0.05610156677070488
-0.05317068105816949
0.13257746120008201
-0.03750333048061871
-0.2295336671472542
-0.12998298153233234
0.030558928783817635
0.003995852250279988
0.3105374232010075
-0.019743410189309876
-0.06325546789391288
0.4625239746955634
0.048321519516969
0.02804405102031975
-0.5647352817557596
-0.15966589710028084
0.04932330105256815
0.03406092003004595
0.2472724462076173
-0.24002072343009997
-0.02023433244324768
0.140769941897141
0.007572041724876298
-0.0032886148052829224
-0.3233329927515776
0.010574475754236434
-0.27900062099868295
-0.31114276314748157
0.29650269182754313
-0.05784896490493077
0.5810297826706808
-0.0006881223957915898
-1.0307089071217943
0.044546782469161675
0.3362360464383492
0.05591834512342455
0.07069675189022458
-0.04197340810753907
0.035795722340379275
-0.07367451958404249
0.39701588822652384
-0.11885344585539045
-0.022566757745612644
0.35180054571753705
0.03475191362401426
0.026658217618634888
-0.009587926598199719
-0.7463023628215932
0.07130881132520145
0.07359049782150069
-0.03341435611957618
0.3192061742262443
-0.2005556599800892
-0.34618382621660165
1.0633495318686765
-0.034308079739502916
-0.34465743233899
-0.2221842684187242
0.34079599763056945
0.05761871940321501
1.0175791751186845
0.009353550862230851
0.5437977446565189
0.6579440285622035
-1.0642546755700193
0.02792747556804246
0.18975993304189992
-0.008020542307458202
-0.004732033512435768
-0.016065859658976802
-0.017966644668860113
0.3185679621350245
0.019205214260170807
-0.07479189160901918
-0.3722603782072357
0.633146024859941
0.009251120742259531
-0.050275242881407466
0.04903251417480166
0.044197929211272774
0.0055193351636759706
0.3548551736028212
-0.005738194528329831
0.008191112838244714
0.06042195432967973
-0.23717890266634237
0.052661922654102404
-0.06365561861512081
-0.3860339053413848
-0.013504121041949204
-0.03693964720573877
-0.009654374853087965
0.5603541356009375
-0.04060346360866109
-0.20858649252859823
-0.030731481991632552
0.0572985650248638
-0.08947738185578961
0.30146646616906375
-0.007636361026382575
0.5257795142650483
0.001992956616254466
0.08161872733179637
-0.04527749850871664
0.06061613679381072
0.3391556839714116
0.03949788192314306
0.2688597694117694
-0.8530554265589123
0.24720322583233362
0.036171231920093055
0.6908082941148616
0.1859987266413165
-0.20396881310646567
-0.35676756351463634
1.1001913700637242
0.22690275871382606
0.5230903843362934
-0.6056037902330338
0.05133193015454283
-0.3881252650226708
-0.3364069348914531
0.07367469290663321
0.10920558823717753
-0.059753267541230635
-0.03234171341704741
-0.0713651387597035
-0.14230017417281582
-0.010037641687483034
-0.014855307879423407
0.35098980469354524
0.04944545332310057
-0.08234902122827226
0.060660600413524494
-0.5735955465842435
0.32565700434687594
-0.19154430178833093
0.589336090341401
0.20852701468707893
0.44815253179257936
0.7828683066832579
0.5235225577385701
-0.5864083711004281
-0.5333665959695257
-0.5572523772057185
0.6062833714854965
1.1175182793819611
-0.4428491483090854
0.04252367840929821
0.007139105872621135
-0.6450293682695447
-0.0008683818251001942
0.02866274359749266
0.394659793337554
0.06942511193775003
-0.00397224894922412
-0.02754295749407975
0.006768607144156537
-0.5148254065369744
0.0047739965929538
-0.04411091452085616
0.0307602517647906
0.32366857769821666
-0.020007342760052556
0.24727732639250546
0.07107955115320087
0.2713301478317183
0.011292484503431845
-0.919576953804621
0.5326955310643153
-0.2779756743573018
0.5700643478230725
-0.030983319578764643
-0.03999213232154507
0.2610839089982021
0.2058983029507137
-0.33159425522555425
0.045710778904334406
-0.008296698231871924
-0.27052202276875764
0.293446464345232
0.026737180875601705
0.03621183752738702
-0.3451712721558701
-0.21095229390628148
0.580668127295185
-0.7107874923656721
-0.33029297169750405
0.037395248979697496
-0.1410613466717183
0.4013109097697507
-0.2555689856973873
0.15611609559552972
-0.0529616560873476
-0.09357509916934297
-0.05042989344649723
0.08019695875394703
-0.026935828037618383
0.007578702452712047
-0.049060702060992493
0.010291448446019725
-0.19911641672695796
-0.6975844804250334
0.003626298509897893
-0.05281492231529873
-0.4021332604709814
0.040573649168727265
0.020653280996662134
-0.039983939173226034
0.006243651407118325
-0.38412171682826896
0.30199330038922495
0.015359992484427265
0.05396159830298821
0.6519940247485032
0.32570553009350256
-0.00970211507812983
-0.07594716223867623
0.09716961657448496
0.34668925072012363
0.1887708278107464
0.06412411039208885
-0.6203685366742243
-0.059006068008667915
-0.15826959894811396
0.040793132671131355
-0.30562703592846907
0.05574731769229395
-0.002887514650152752
-0.035524096654757455
-0.7587719331758799
-0.5331869341461605
-0.030978746363180917
0.07158617369571717
-0.1001232633397421
-0.06530744382731439
0.33146686710283785
-0.4632824783026711
0.9292144618436854
0.09563341045691481
0.054199504031440644
-0.009469002002751557
-0.059603216317815566
0.03779111055102028
0.0332600356561794
-0.031091881175059465
-0.02551854002231211
0.04001291983005553
-0.19107556902907158
-0.07004119615147629
-0.3100504659468555
-0.05649443602621437
0.01149142896957882
-0.06405635903457954
0.025780565161084144
0.11839264750145802
0.30279215852412084
0.6427800011861314
0.062273965212093635
0.03219039063516566
0.0362522003102621
0.30015845106080996
-1.0178846376344455
-0.6594357843690322
-0.2734341047807815
-0.3869062697321974
-0.31285207158611444
-0.06544450597365171
0.3652436628862563
0.12825779321192
-0.022498639324217057
0.1286302923026928
0.3160184732107304
0.007930473903152541
-0.5626186509196298
-0.15087482408411068
0.3141617290607789
-0.014503736671011003
0.01307707009585512
0.2228698768589905
-0.16968211537680086
0.3083065543542372
-0.028973635828918667
-0.2065783899538879
-0.31021334982305837
-0.17277881824870325
0.01650327247515384
-0.3194046893870193
0.2315051372287226
-0.22550645360715543
0.3595231011680437
0.7414526340342765
0.0088368518104154
0.29083339038369077
0.056664266179634264
0.07382895036919736
-0.40929815622940413
-0.7070122641814356
0.022070046422118277
-0.014989475148350492
0.5256014167686008
-0.08500286913593043
0.28479698812442267
-0.2387972166787927
0.674704266300285
-0.024964319785812913
-0.3022219541166483
-0.06148302691913026
-0.45593490081860977
-0.3043290041181201
-0.038292650604495986
0.02862531985138041
0.0024501525555423414
0.016904000348776545
0.26806299475888445
0.43650167123060396
0.9579824038427488
-0.26391427105736215
-0.15671617500340243
0.2344859158580389
0.42651113581050437
-0.06015961392972242
0.03370231753308339
-0.062048951810987935
0.08179291380448211
0.35745463254495374
0.009403283601555483
0.031035285414098158
-0.026316429500449882
-0.02600905958471702
0.30248705703247947
-0.0337188676132828
-0.4106887760409063
0.3124399481848954
0.007656725404670394
-0.03886828270673134
0.0640706326952073
-0.03715175890088741
0.2704858562846353
0.0447865393435387
0.08108132182743362
-0.06423506991652579
0.036652345567593794
0.4997169705481412
0.07701849434786497
-0.6593398803206211
-0.6490394291944623
0.33863715462333815
-0.03184944840749644
-0.21841709264158576
1.1134110680668334
0.3648920221524225
-0.08050443751452917
-0.015397996322027513
-0.20297007923335145
0.46416547476881914
-0.040837763740300605
-0.26690319456350153
0.5583816847793809
-0.03895160298873493
0.0419846813649798
0.3726271126773764
-0.020521247034955444
0.0686370342290444
-0.0674813146891092
-0.4862859511506802
-0.01698634120343754
-0.030928772405061453
-0.019862922523286045
0.0549557937528019
0.06480129097642916
-0.2753432882277771
0.22438759896858573
0.04371810403295162
-0.10684265753178485
-0.03922564589842753
0.5763678540890391
0.04919752854151046
0.007717467039179399
-0.5339016700276181
-0.05777073790368439
0.032829143755921865
0.03815974720505052
-0.3516036860989341
-0.00842206970279109
0.06030270351829364
-0.07324095851459059
-0.11055417023005897
0.7445220631975434
0.009986016479855007
-0.4137562327833265
0.05104014882766979
-0.44924291210154194
0.06154509571202513
-0.2999425101050941
0.3636884970712307
-0.6669159874115999
-0.023209405842547055
0.25281603788455337
-0.27610834558651287
0.2847926865567266
0.0195708322125585
-0.01884890823456035
0.3245170176166213
0.4811148436676417
-0.5491863067743212
-0.004223262771288502
-0.5021277175580535
-0.22325037083056845
0.07209507745153952
-0.18191771278071206
-0.020365090508848546
0.24060782289208069
0.2799511993142233
-0.7040043842237579
0.3347628195495138
0.2949852668130135
-0.20694030679143263
0.054601764484159904
-0.7755165805579439
-0.3214406617475575
-0.010629183340447537
0.03193006400855908
0.05259143852333054
0.16173273007139138
0.5307680319516859
-0.06777608374684388
0.5571200338323282
0.20752055013488901
-0.3418751196548975
0.06110080372139471
-0.005579459566347169
0.5423857084803005
0.36632325531559173
-0.6078896330820581
-0.3317591793960966
-0.0746097147640147
0.4725040235935091
-0.2174331348805082
0.014572039382026043
0.06821652796659348
0.5722600948957801
-0.06429991672488343
0.03997991797480942
0.0442393391784748
0.6069858934497404
-0.15067649438188052
-0.25421115997972715
0.25585907988663936
0.04454305358214702
-0.12548454795464428
-0.040000947859692736
-0.028840182239675567
-0.07449756272901879
0.34646276649187446
0.5389290472808277
-0.4658022814528406
0.06882623502941693
-0.08506879770967207
-0.002162995916736449
-0.3414158450353679
0.08384953944902002
0.08129777094941659
-0.05502825923092593
-0.023730669581049302
-0.04087568846610026
0.6451466118332928
-0.009652700221093019
-0.048946557647042754
0.08105061871543821
0.08292814829984724
-0.041780874836979794
-0.29716069315180776
0.21590150994760732
0.5729692022334226
0.31754195715626893
0.038849973503351114
0.022521482710326578
0.1731216895277244
-0.34564611759182284
-0.29376703290667466
-0.7131229028406628
-0.32865475908069464
-0.03431763680064788
-0.06663301833573393
-0.22494838962352381
0.047846311004126424
-0.038673037859248
0.017508503530803892
0.02543040048131692
-0.18375554357745189
-0.3167070379343517
-0.3335134316392909
-0.4180732707710692
0.0027356272947743517
0.29177721967796705
0.0030453146489659915
-0.0351744987482645
-0.44017176443597605
0.39267632634332306
0.43651240495586136
0.36023099498535927
0.5120173063669671
-0.07299816621493146
-1.122378778694159
0.06250656644298337
-0.00475275565703805
-0.6933690849690124
-0.019881635088334137
-0.4055223799137586
-0.009975688786366054
-0.27061098500498026
0.3134903217953201
0.2718333759083469
0.9677615598968987
-0.07656180574512163
-0.062196401340201546
0.09927058921138694
-0.42705572981752266
-0.06714858554631704
0.04603576949794266
0.17297886198696127
-0.04505626538561359
0.6631608064079145
-0.3857466833291154
0.009328103597215443
-0.07453856287497172
0.03281255621528112
-0.05859991221506689
0.013123538984984915
0.006520337671540092
-0.5901699841374297
0.023764190868295298
0.02199139503205062
-0.04418452556012378
-0.07372181461970809
0.04297515243018714
0.07304530044233411
-0.020025903550558763
0.01282002852375482
-0.016392167903775873
-0.005393092027084826
-0.055695326503025624
1.0378667757793474
-0.3231964926957095
-0.05365148188724778
0.03343913816584071
-0.020498928172774367
0.30345961918137065
-0.3465392152844198
0.024123511051286507
-0.32883439515415447
0.3978012776166986
-0.0613116393564032
0.35911478763423793
0.05052658097631946
-0.27973536889597533
0.07273205185005836
0.011625269810761793
0.2399530225698731
-0.025461024277046652
-0.7426840049359781
-0.5341606251059839
-0.25832555214716724
0.0475542313239403
-0.031617222164083
-0.21849695690833412
-0.3256344342484555
0.2252096795508023
-0.2973424078256532
0.3408169261798748
0.054272588350829216
0.3055178682640379
-0.046140966564352716
0.02937843694771446
-0.30394546093169517
-0.04055265857043272
0.018115825072773973
0.056323260198068235
-0.5272754723583138
0.006282799873330891
-0.5410265697462983
-0.029490965727076705
-0.012635207965132858
0.04087555090292855
0.00981811726436286
-0.459677400918626
-0.4472361984812729
0.11522564491528789
0.5232449800035771
-0.44587366386601307
0.025543463185378135
-0.03463207240484969
0.8015569042713341
-0.34986486127432864
0.0081642648440243
0.0004162520533945549
0.3442209168602949
0.019546015554971964
0.5198181920890544
0.06398240713344273
-0.028069979004445546
0.05373278753820345
0.7796327583359886
-0.06004288083019681
-0.5236888935111439
0.5867912597110451
-0.01233198462672634
1.1448475311657322
0.07793451447858855
-0.2729764218296175
0.009611780089426173
-0.009744625880181781
-0.06436783346099388
0.541722296062604
0.2618766081531991
0.10204284582630392
0.007521083504850064
-0.19879089745409229
-0.4802804977949009
0.3649200643103061
0.030699793673609966
0.15052122238557297
0.2895033449981638
0.047102939472756976
-0.031410125029904014
0.021433528166445136
-0.24128067355328728
-0.015209361122837594
-0.2281550794809303
-0.25448937240266867
-0.005855582559846034
0.025996542305250628
-0.03039944508303987
-0.017785234677622937
0.009899032555849997
-0.3952651187271229
0.6414219995848134
0.02508450633018651
-0.00007413443635830163
-0.14385867418449938
1.0372375759405972
-0.020187317966351044
-0.3083435444461426
-0.08134717228164531
-0.035284772057823786
0.1523365778510995
-0.283630016609562
-0.0730074926718234
-0.3846657902093109
-0.630709476826732
-0.032809542534395046
0.04692542596601308
0.010730254519089518
0.13174799735986892
0.24324317111496002
-0.2821645954457358
-0.4619456936988748
0.06925140554545116
-0.022660723550007342
0.027731004831685963
-0.3325906098389576
0.039447081746106054
0.03449108077535132
0.039820762006762773
0.022572992320484805
-0.0801977117272492
0.08037107108910305
-0.29606461503900505
-0.5304517027951107
0.5070861398560291
0.955877062309647
0.5629442811726394
0.301844316280535
-0.2769114707753695
-0.35295286113042096
-0.03320735344647934
-0.07943041661219895
-0.6660957577526112
0.3026453315142393
-0.018092334163985625
0.009642433129681008
0.019268608363876047
-0.05101642517903648
-0.04081390985135342
0.5664005100491363
-0.45135771973292
0.2225244809537102
-0.5481297315550457
-0.6057473292917381
0.04185155564970083
0.28921069217638423
0.05843123541952191
0.0997195166100392
0.015700558595344
0.40755454935684166
-0.3604739983552165
-0.0685948759170865
-0.019109833403973743
0.23055210781422109
-0.2712583074962914
-0.29077808359097024
-0.26909612157419277
-0.007083779491264423
0.03427901144469954
0.09792877988821709
0.03432482438668649
0.026917253916084228
0.09267039047405637
0.3976097335289312
-0.3401090451126044
0.3384195057808946
-0.04501919709156553
0.06922111940922804
-0.36034487889029687
0.3476166255658726
-0.02271480171284213
-0.06312102611075911
0.06050710693149187
-0.5817122610913169
0.003271208975969132
-0.34629684462135685
0.27948417820100946
-0.04250416768657026
-0.031077420235883935
-0.338524817155439
1.0624944635146707
-0.0010903113876661187
-0.05633647864529708
-0.3652399298258752
0.023740764249868457
0.2678274779944212
-0.3100358380311769
0.3505136301334166
-0.2586526798220195
0.05769285409211124
-0.042496234365413735
0.21247827121121354
0.41809674945152514
0.5673285534042789
-0.903267389978195
-0.0538118078428665
0.31028425079044125
0.33916661147509375
-0.05965415160221051
0.2754632750054337
-0.04640270073140152
-0.569347721518147
0.006629286163687841
0.2770835368926777
0.07609179265857559
0.000977448229561795
0.3554676540924651
-0.20234563365348787
0.04810259247526348
0.06181801543276509
-0.07213540481285456
0.007583453817726401
0.2258268530175687
0.3539145582377524
0.025451701093435537
0.32245514693952093
-0.04395531926852564
0.03479182115507076
-0.32065107255901065
-0.7318476406406322
0.6801441669054259
0.520998659629533
-0.36324388502172106
0.3199637776333124
0.01908822604559157
0.023047917981416016
-0.038999505164071156
0.0776994723095995
0.243121674856504
0.5902161715113009
0.1951982332979204
0.059070175069494066
-0.3501130622924173
0.02679612092821742
-0.0031615180749084907
-0.3525234383516551
0.17862177305341095
-0.4358850468502564
-0.28147604927226777
0.3003849189493949
0.271625932225564
-0.021185151658284777
-0.014517609253336502
-0.3103249788722777
0.48149290337132894
0.3418006193563565
0.005535867718827385
-0.2974327704288373
0.015162551310926387
0.691843714416093
-0.02466868977232622
0.310071143037631
0.331713603574808
-0.5728017543276644
0.3316548777865745
0.05783847479079355
0.1622473249281837
0.4120944449518089
-0.2029299081209737
0.0534098034474073
-0.046127501768439994
0.05544492795589519
0.025589491815937677
-0.04489949058173212
0.44550617712096957
-0.3322341162523694
0.0460998971101449
-0.2262883684949153
0.00597316175602374
0.3181867959616246
-0.3203296728360481
0.44468394704925307
-0.025036007384958456
-0.05327838291768765
0.33594039756222066
-0.5564875723283803
-0.7073980694489022
0.008385719533106694
-0.003753143253442696
-0.29856785719299034
0.08057422644139352
0.36703802582887735
0.0245675207991214
-0.46327753388840553
-0.03158158670866694
-0.3217084206093519
-0.3009312814898849
0.04149673033028048
-0.6794985165836249
0.9027108680091088
0.016389544937964795
0.003536562959473391
-0.25041718839421884
0.04864004682288123
-0.3642279340277736
0.4943526726137637
0.32796606690634805
-0.031203212958134996
-0.017721224190255302
0.06080395028724521
0.025470772269234738
-0.028328783534804843
0.0104169280908804
-0.350591144693684
-0.029676327501722444
0.058404950378419015
-0.34444025060228795
-0.014776680830716435
0.3400434211452639
-0.47694906963806305
0.1944337053100602
-0.310565930943869
-0.023064434609932308
0.01961713673517224
-0.31678639448187745
0.07092534457660908
0.0005590088165667864
0.10296222548603265
-0.2737817799293622
-0.03695674715540714
0.009655640616749827
-0.03930916497635903
0.05496749037321701
0.2569737225107246
0.020095872760328634
0.533485780675884
0.3542341537403714
-0.569282150098556
0.46308613327299897
-0.572779825722476
-0.06768220408253538
0.5295682072348368
-0.036638391449810126
-0.030702505114032295
0.1402756265021741
-0.03593481307289157
-0.3015814084746199
0.025671491428617455
-0.020927483684968017
0.026930312455003234
0.7018912458254815
-0.010225698518271629
-0.03717684672856669
0.06321458434832647
0.07535172191592156
-0.23113868359430062
0.32892664008376077
0.3487991624054225
0.185181115387337
-0.270838929804744
-0.02481385015163313
0.056046587727555934
0.3028467189594108
-0.014467615206578136
0.30715766997729205
-0.0003702735615839133
-0.05450027942694799
0.02030064382605716
0.4080692765966102
0.11718180782218028
0.07952513702082901
0.07952237378553713
-0.0761526847328036
-0.3342313427066133
-0.3528709760485859
0.0265615023554603
0.6989734981674837
-0.7346241251835975
-0.4355904439241833
-0.0687554937503655
-0.0023253686046828645
0.029854262046365793
0.003887781560886001
0.0018506356839054132
-0.7040698687316439
-0.10567793215638725
0.2724107100202039
0.1594854469533735
0.22514120284852604
0.2683660089735103
-0.5212954582252819
-0.4361819228767853
-0.5654682982396878
0.10266925484436516
0.33259093694850517
0.023176354269028275
-0.015496543877783472
-0.014833345466036667
0.02451273592749214
0.024545675743712407
0.0008327561299494861
-0.5146446740353384
0.32333759979618937
0.050107308956561375
0.562467960449627
-0.306904540591311
0.025237173863522512
0.03301792682175347
-0.08027304366679083
0.2861284713312927
0.22974202340996694
-0.05168586756736265
0.6625221314025322
-0.07086464856795509
0.24334815011152366
-0.0038912579278892103
-0.3474447957335482
0.3848681141369362
0.055232273992204726
-0.08660600085409143
1.0391761126039318
-0.3377843715461005
0.38452806492305425
0.5038984584117787
0.045273385522582574
-0.060127424192057945
-0.04805271511446035
-0.0029857448620743345
-0.258370856194506
0.017350368708758553
0.3258033428503571
-0.044065959739217155
0.29626024416366514
0.06656442681521668
-0.004561949134123681
0.010571506874837598
0.031184328139722405
0.6281093660405312
0.03340229307077678
0.7783604018627762
-0.053280544529308624
0.3270935973044712
0.04278754529252335
0.5470972501136588
-0.011004953792932143
0.01464427786224017
0.02954545295581439
-0.18041236478553144
0.02412311378283325
0.0024169036313092945
-0.03245302784245417
0.3089979599579967
-0.027503458372713473
-0.3734867106473705
0.6435906355644414
0.46404148692308334
-0.5656955671307663
-0.2662983925664365
-0.25963357350465216
-0.044182330535577026
0.2319076042271489
0.629148961362326
0.8373837088103476
-0.039020577488391925
-0.015380675098949794
-0.28106814651237905
-0.18250839729426602
0.029425500306900537
-0.033512467777950694
0.3485186381172768
0.33702956328521433
0.24695891516774374
-0.0032053752577990142
-0.26189668982668185
-0.32874954404787643
0.7553747835864979
-0.35046113285858255
0.4051504260029429
1.0460392362607558
0.04582325004490201
-1.0519984893247505
-0.01349718412063489
-0.2912010448317257
0.2902654497071112
-0.01288066029858648
-0.07465429598863227
-0.5387473404007241
-0.22712084119850479
-0.014836757513951533
-0.8263352944009449
0.3020698664681817
-0.028121559389521492
0.018222006033578524
-0.02849718084511609
0.35404506303602906
-0.8191103136025545
0.5334874673127953
0.019822784060829355
0.3601093480684978
0.0852362646054405
0.06043569888367332
-0.010753376773728836
0.3627712184151524
-0.5018267650831895
-0.006802658004613707
0.38792330881432097
-0.05375662176923553
0.05300478536434071
0.07067913149958631
-0.5317950485003627
-0.28796330599951475
0.010659065315886614
0.02686396959212258
0.07961518611078355
0.01868686328709481
-0.7331734351633701
-0.519227598116184
0.21286394903454303
0.025890624328884917
-0.36896246689173884
-1.0506547174458662
0.024104583586557076
-0.3521843032716874
-0.33424499914165723
0.02428076027127098
-0.06586933152476909
0.06619994676919784
0.29464642191797785
0.060073927022217755
-0.003947661987783652
-0.06890871635390249
-0.0062834043306917685
0.10637700277975054
-0.0566207626195538
-0.04776218947218853
-0.2099058909214159
0.0048918005761651555
0.011313902608965835
0.3095515882364823
-0.02209611889680651
-0.29507484509062754
0.08399000412276972
-0.027967793613176972
0.05487055097548652
0.011045961562870674
0.0822936198689547
-0.5299433890469347
-0.0008015841585906934
0.07430057931749022
-0.8201378896521297
0.002248612831946498
-0.35502425266554993
-0.2662464366384401
-0.3385822539413047
0.0004129381995163668
0.1346820099626456
0.2825845158619164
-0.04954676557095002
-0.1685001612733911
-0.0011140968414208902
-0.05511604186159129
-0.030747951834167647
-0.06070003826842246
0.07323314459546337
-0.06547069872696173
0.03047032362912969
0.4061446509932775
-0.4290903747684534
-0.05363232888031609
0.6935651065897422
-0.43508241128164665
0.04818371623274115
-0.5866905952989184
-0.3300741189678314
0.08720845028706913
-0.898039960285211
0.031080055800193
-0.06092434487393867
-0.2871535902373127
0.022743806537190586
-0.011680249958608644
-0.16526392796950382
-0.05857885363111558
-0.06705048573991848
-0.04718406464218459
0.043997400258240116
0.048998996091473346
-0.33438597779840046
-0.017371818842403117
0.35611798376605686
-0.04809073068265056
0.48250120534867746
-0.23552431601735807
0.0046246793600709084
0.4072826253527061
-0.6899623823748552
0.04485202833589559
0.7336139343173128
0.5722127107504913
0.014588715436473425
0.05801441759701699
0.30050343549904146
-0.002154087521490194
0.029300112916548566
0.05131385043035622
-0.004695808774269744
0.014107158972206834
-0.2752754283330113
-0.29847635596423977
0.04968384974230731
0.002423293079884823
0.009223362373384999
-0.34754181420824365
-1.1559181305295103
-0.008462362232695145
0.03469305514208442
0.3012578864901074
0.020437320964934155
0.3570625365768498
0.703917685661197
-0.0494834742467029
0.023859700510826105
-0.007975236281692406
0.4870588074582441
0.3152212044157779
0.32325197058700655
-0.049375495419747145
-1.0793990019932562
-0.0030766743138264507
0.036414038381084486
0.035211706766771565
-0.2605954530295367
0.08492677818973501
0.04389023115317932
-0.06791289156077823
-0.0214854304271959
0.8482238312666986
-0.21690647482751155
-0.07654206410814862
0.07509399691217765
0.5257897075865654
-0.4117448900731925
-0.3308338574080777
0.4958914593568663
0.045598632215042505
0.000692324948110751
0.5381279844514392
-0.06849571055547782
0.053845075422762845
-0.23381378135991213
-0.02930461460682349
-0.3045421401147547
0.015315275386671337
0.4451854837071136
0.2770388987844211
0.07672354922747053
0.050620631179678376
-0.4771040785196816
-0.33675781820863054
0.0023920368821734256
0.24195676965219515
0.0005696771150780489
-0.014555007135827639
0.029257340238674358
0.003634927449459134
0.317053130239422
0.26130214055096884
-0.6446120532508823
-0.013832906918167126
0.007051111022487682
-0.3537709066931461
0.017098482219025487
-0.29155356524703835
0.022492893454473955
-0.2295442679251874
-0.39514616048045137
-0.10737060563290247
0.2064640232806325
0.026915074796468874
0.061151803325528546
-0.2631955127229097
-0.5255001570302007
0.6260512130841428
-0.07046417783033194
-0.3470779611130312
-0.043586914884872346
-0.22846424950595898
0.2055730905822442
0.2724145295677898
0.15983160171324215
-0.7156357575190478
-0.07920732696713374
-0.21475656143611394
0.9703012571557289
-0.046160347572849085
0.3924421303275849
0.08017002472953375
-0.6088219842878431
-0.01045560227946457
-0.37983416442458445
-0.06162951052875908
-0.04477018985024151
-0.06259598430369814
-0.057423031900129685
-0.05752070379641978
-0.3755878597563501
0.02963029132269893
0.22447705762120548
-0.03282316194363171
-0.32049901775420603
0.17500836920133042
-0.11299819612123792
-0.07333749584110072
0.6265598933429447
-0.02768897994345586
0.5293007065585719
0.020498464194347917
0.07125066464644528
0.031047004474959755
-0.03196621957689784
0.01973235831267507
-0.4933002798866955
-0.04806081007431571
0.1877780733733707
-0.32109571035388185
-0.019858176287393142
-0.029708700974820697
0.5647033981464815
-0.32081478683311676
0.09431364426344174
0.2590306469260524
-0.25169082401966913
-0.5134667051621984
0.6373797342381495
0.003057120587230469
-0.06081865954057199
-0.05109003622301227
0.03943002240792279
-0.08501892047418504
0.33848367996673306
0.32205870321232744
0.08336599688138051
0.14378110106666275
-0.3125147040115384
0.04229674101877025
0.629115844457491
-0.029020682764811945
0.32439822303474325
-0.16274262327196123
-0.3346884331154434
0.28405074290578497
-0.594570030267056
0.22156298555106707
0.4903796390366009
0.4930295708998169
-0.028500886751168103
-0.048894544422757424
0.002748098231682099
-0.0576455819099351
-0.01718924235785692
-0.0029466712389983
-0.034326976230607535
-0.03957811957843374
0.020991530568227806
0.8707479398451949
0.2979190769695549
-0.08526100308775325
-0.2072891969892293
-0.38050155139296854
-0.8182773763160661
0.056702795811756426
-0.008544586426007916
0.04714410995569361
0.04186333863311213
-0.000535597895710454
0.052322878425010586
-0.07873979756011008
0.2605110517257094
-0.24811304945051327
0.32517281757189365
0.016085558161601225
-0.058201527296767544
0.17079471996264717
-0.03692888626663119
0.37591610017812105
0.15071224692231147
0.33714295700606944
-0.5728666124763938
0.05099979993913126
0.0024330104334163117
0.26718520621737746
0.006042818101849459
-0.028342022915806148
-0.534387918766242
0.057845975019449714
0.5246123378750521
0.03541703646605808
0.6812423739970023
-0.04120304081095046
-0.0279401230088573
0.6879010239006088
0.5180402406509701
-0.0717129541814568
-0.34259714800759344
-0.0312380632428394
0.07332194964192666
-0.028279298263953978
-0.018203388197320328
0.02465240534393639
-0.03176447057086489
0.33927542003229516
-1.0079879784261117
-0.45814065893803174
-0.3264913006598228
-0.07242729152225999
0.5881408977563394
0.03997522723047321
0.3328118131759599
0.33629659155468294
-0.003159600711809258
-0.04869036952012907
0.05894593299967343
-0.21027055282067533
0.345215372105929
0.3151371520900414
-0.15612617765978845
-0.3432417307111496
0.002074707461721732
-0.0054667619425608225
-0.14384218234828433
0.021444103018327405
0.044012900879366476
-0.05941466865051894
-0.7507359014026981
-0.04910077463221705
0.020677292687499352
0.06777079408681125
0.01562788965931855
-0.3380506973477686
-0.06623533128476373
-0.3205517338139476
-0.29628148962019796
0.019095243641665056
-0.078768229070336
-0.3401585055787731
0.00387692285125535
-0.34292745773577077
0.2567276908130663
0.3367878861378818
-0.3112947124780933
0.2882944772225594
0.1473036923258666
-0.04986572163933133
0.004303795850118841
0.18991379247766582
0.029772726458245295
-0.036979510820630196
-0.07006321025604573
0.022286989081232767
-0.3337812064600525
-0.6379542034135264
0.07964928492845867
0.35694831401597193
-0.8898367272378429
-0.9055589721687306
-0.13156155688052346
-0.03522855955933647
-0.3485831753945581
-0.05539079488466653
0.004987258747455104
0.062147468232151816
-0.2707025020067988
-0.21789119031004012
-0.49980045116734295
0.40363997988790523
0.04178699797153469
-0.03683745234634644
0.07625554706397988
-0.5544221343373265
-0.2535080270261643
-0.04869167906440526
0.0621755165127987
-0.26116854144516616
0.05688815410010465
0.0006802978649087684
-0.08005944386943438
0.017892688803423925
0.02970868463207576
0.029115166935796546
0.45513844017858457
-0.057026247471462205
-0.5938672510656611
-0.32038623650620895
0.6191527549774782
-0.3855485031365963
0.6675262446901584
0.2889581004160792
0.047631854782030754
0.28339624491142207
0.5955639503619189
0.03888299814330324
0.15971351816323834
-0.013706064538195546
0.5063387107381611
-0.3636349483703696
0.06072067791006294
-0.311092925018534
0.515581236556422
0.04496050905705658
0.07479394623871341
0.317559455217272
0.0007459200490301854
-0.20781273593968688
-0.37488818745190305
0.07701408850220985
-0.23390487448332306
0.05425689248143566
-0.00845875634216058
-0.5897555056944955
-0.33623197766181767
-0.24057737161889803
1.0562845812884099
0.9935183224483826
-0.0003886652744354924
-0.0006511063981826402
-0.052570082356855556
0.2194898469686535
-0.02483014465721573
-0.4288928093736056
-0.07659347261089597
0.35897583558799834
-0.1211480929931634
-0.003457637282189181
-0.07196328513802266
-1.152668041975153
0.3520935647691573
0.3198428041206167
-0.04630654969831365
-0.030259870291077205
-0.21958896788795307
-0.40112057871014956
-0.048204862757874736
-0.7050199842576836
0.059910366372015536
0.23588473690372005
0.07353066847604907
-0.027310479523739314
-0.007079696634670183
0.29668602003719935
-0.6334772645608991
-0.4989796916954625
-0.01487479778842042
-0.3167287244928148
-0.5051550135295801
-0.2863138592113276
0.055177992513120756
0.2253918998100674
-0.044000582936329274
-0.5024363491465644
0.49179043685784213
0.5651282254742908
0.01527655950148976
0.02572987876579824
-0.07689392611438403
-0.64433037154659
-0.02321963298892172
0.41671456032024895
0.06542307935315379
-0.006161447342059773
-0.037034232261415924
0.07725362944334033
0.12003229720320355
-0.2984543155845278
0.33847777631188974
-0.06769509515157858
0.01639386112583389
-0.09782400161372219
-0.45594036162435436
0.3297236678909956
-0.22182253117597625
0.06269146361973606
0.15412424669739477
0.3502370138191641
0.5885224995238583
0.0021368570049084042
0.06988752850579108
0.14038093795146428
-1.1921978295617464
0.018812804729740316
0.04878403900388288
-0.00031584305128583724
0.22006003286219272
-0.0019586479919081264
-0.7073638746247007
0.5810002649937215
0.05438824975807057
-0.3425951634708523
-0.20437652737930884
-0.5022064187316219
0.06963834397115534
-0.028031696510692407
-0.3236885549153798
0.25912105023949905
-0.663585058811096
-0.4376548308977524
-0.35891610258091
0.3413757709421008
0.3531944789663306
0.24822459140621456
-0.6116994403344984
-0.23604699462548204
-0.370281362162525
-0.04234310398691762
0.03751744411864772
0.035369891131334937
0.046435652014341876
-0.6803737932995253
0.5482638772881337
-0.04512852107618244
-0.2063673360792747
-0.08361883507611617
-0.3070295946762147
0.0628408053848273
-0.035109161444829326
-0.3344346845189983
-0.5430894739259875
0.15414977002468486
0.023542088050094716
0.5170340450105222
-0.38380764633271114
0.35054431138277065
-0.035085674969814004
0.2984404053773146
0.026058636729857382
-0.07107076997965371
-0.2849500488818995
0.3676768284987449
0.07294129054858402
-0.04956469238897954
-0.04932713922925885
0.968411010467359
0.06312394084741756
0.014048142542091786
-0.09217731111869623
0.015074006124079664
0.079975663201433
0.23998831866234166
-0.07004591518254288
0.20281858799988994
0.05830135677506099
-0.03157831887304425
-0.30802558223161963
-0.07410760830360548
0.02354534840386121
-0.6089691896472523
-0.2714581133015534
-0.32567544916906693
-0.04287425112475153
0.2916336628411645
0.49714502716887443
0.294968950466502
-0.5304854296896617
0.027005214122308677
0.0756343179678207
-0.33235482815847256
0.2701455479212914
-0.6517747274741967
0.01968295455448809
0.05424994871173537
-0.0002686258785531299
0.015002775090909774
-0.5465109950300219
0.2619885715321753
-0.0723819427096775
-0.0009473766673892817
-0.010149897119318633
0.34817411696533973
-0.053122893455919425
-0.04793630754709772
0.06305061641056234
-0.4449322917590575
0.3007656541311311
0.04823002961521785
-0.22607155175943952
-0.6808819013881494
-0.3309413219486556
-0.021488772403124422
-0.053115170495436625
-0.35390958253192095
0.315554929968832
0.08210179197241681
0.4353915751158848
0.053656700690080196
0.03726993409824746
0.3617901609624716
-0.29642368333418334
-0.7339543462923754
-0.3676073949853547
0.6244938563418785
-0.1535295876803775
0.037121969449987684
0.3963175513931131
0.016090587829473438
-0.040775862106723675
-0.28643619475908766
0.0568069271852943
0.3660371407096568
0.012525985413972497
0.034595607688071635
-0.32259524516199684
-0.02733106715502849
-0.7528700545930256
-0.005621656617640062
-0.4105723485561318
-0.028299368871902934
-0.004123742810630805
-0.34172007911166735
0.06818259390223078
-0.04700854145385632
0.019673383191804984
-0.16806459952054398
-0.49137097961500276
0.003667533596679065
0.31570858545095587
0.06256963181875717
-0.061979952574676825
-0.0753032687559298
-0.26902208498456104
-0.0044628763250039545
-0.623378113345333
-0.519068695171894
0.016435981735757662
0.3350869953591688
-0.7031823579345013
0.28405351524124145
-0.03449380405153891
-0.035852280916890245
-0.3078830427066795
-0.03682936257021547
-0.3112836312662106
0.4911258578261347
-0.24905050372381576
-0.2662532576420833
0.2594248700942682
0.2508654503611829
-0.06786095114471433
0.05980412248959898
0.6110383320496956
0.03925132591444353
-0.522400597503507
-0.032689762650459
-0.015523145497940807
-0.020960834305918455
0.018039283293661054
-0.017086484002252884
-0.09609196893564453
0.03044083431393151
0.07933411412529047
-0.03945422155988808
-0.025791045695872945
-0.12214864178862439
0.11081020097382818
0.08154898377128525
-0.03719836473628923
0.02937172658613699
0.07219733416705668
0.004694266080251287
0.36315809217212536
0.19662970329981536
-0.3292677573303812
0.029233452921438422
0.024815330600622982
-0.22596269637586722
-0.6236734209424815
-0.3139365331199403
-0.08645324447299255
-0.017975950074484173
0.6093211430972862
-0.011476325023793638
0.03155094634625121
0.07793789325270294
-0.27130949148568834
-0.35897388792720414
-0.017914217174604112
-0.6578326475882961
0.3890073722790631
0.010452453951711802
-0.005851240682424606
0.02873605036852713
-0.6215021476571986
0.021360718777943148
-0.03248463426397786
-0.048178416464348776
0.003939691933991842
0.028235179221303388
0.020580915248661444
0.04007102304760561
-0.0850683122244276
0.2741722321562284
-0.31614821490845013
0.05092189800087286
-0.643996767247421
-0.02745770236102231
-0.1501051706245891
-0.27783975380486414
-0.014138822589722102
0.45429595906814657
0.03126625774920526
0.04729714868339439
0.043777705945142645
0.06898027055946034
-0.02640052478551788
0.07149677768024508
-0.05319164382780874
0.3492279656045401
0.043518337740873735
0.029844132682102578
0.00814610618718559
-0.22930629986878867
0.0032747698701672727
-0.011261940160480809
0.25424700376786263
0.009589289746149572
-0.025068560770472134
-0.24304296813988868
-0.03907685388933327
-0.02328861933976375
-0.02950002715222239
-0.30550175598141804
-0.008947139438242775
0.6864480088573963
-0.031314940555910144
-0.014126999343645816
-0.005406209170945772
0.03912842409026306
0.02954921811376374
-0.47521717334091834
0.011951841617482256
-0.0833968707577889
-0.6589653947486207
-0.0493664580275028
0.11538250045042853
-0.4614809294449616
0.07552599591881125
-0.5953436423505483
0.4936040802255975
-0.06506860846855744
0.018606857190082655
0.053312599084106606
0.3508524362883309
0.07033878724093666
-0.5857894617273923
-0.044110365550722834
-0.03791864537689962
0.00320451412432121
-0.07321608269265813
-0.40531386987799645
0.24085810297050808
0.29813081836897354
-0.043029553155858775
0.5153015461122598
0.29539063301627255
-0.471059955005229
-0.07604999625884695
-0.005992218412439704
-0.30720399527097947
-0.03435533730965171
0.022485049697902895
-0.4478140565715357
0.4559155016045322
-0.26677060450611856
0.041234488293905566
0.3501542574246933
-0.6097733130299362
0.021159165648436912
-0.18678689834251108
-0.029900613509272454
0.36454972986510004
-0.01736739339825062
-0.2345970190123372
-0.18128475652858878
-0.11993237802545804
0.5054819708093484
0.028115711787671197
0.17954057082712888
-0.20954228028700447
0.8640212653899326
-0.5682523527686749
-0.0333301805974344
-0.5252507120849363
-0.04337719893180503
0.23890063425851588
-0.04380474367311389
-0.045733006529629985
-0.9392225107026064
0.06187272241767338
-0.2727484953290718
0.07665300787171264
-0.006195470069729354
0.5294555429443848
-0.035840189866042205
0.8914883288807881
-0.03352703939557065
0.037124444018081605
0.026592099712835587
-0.6088252169380773
0.04711051339115601
-0.28241999095029546
0.01037770433790851
0.17459515937226686
-0.001331554334068286
-0.3388096677878025
0.09227821627492241
-0.011351068574914101
0.6459494825413031
-0.9947124088865065
-0.02293328493880461
-0.06695341091762473
-0.19415855106180055
0.2730151799357772
0.30188011770620554
-0.013816667446604144
-0.046395635424899634
0.07164975036994793
0.020600969667615966
0.048074018251048664
0.01446930235507849
0.33214022595304565
0.14857001565618197
-0.06115821948038512
0.27641332591837414
-0.2059253031055146
-0.04974202086130612
-0.08198985211422562
0.3251441214250972
-0.0024411797621240747
0.28304695895284226
0.017833462799413762
0.014076189296687072
0.31260849826574105
-0.026426077052471443
-0.07457415408514226
0.542649384598672
-0.35453349054037886
-0.044142041723334885
-0.04856929116115312
-0.2751392104134636
0.4904012520274501
-0.0028867395402909952
-0.061529993129755316
0.18452495577253478
0.07607587928479642
-0.028953669957408067
0.05953548347664174
0.35389946112398396
0.08193750506365574
-0.005014422416278408
0.30743938011254374
-0.23786070416302618
-0.057385773544410525
0.012697124372848869
0.4216922921087702
-0.04428540916529994
0.08351790068344705
-0.08154099467682341
0.030200359636179026
-0.37700424857559245
-0.96200093211976
-0.4311660692872563
0.00559649760560687
-0.3200518732243487
0.05668988443062303
0.3401156220198956
0.2858748209997473
-0.007546681851589994
-0.3330473953606997
0.0031872392332652822
0.4632505844735154
-0.01849647698655185
-0.3154219146317307
-0.004180417853077667
0.24145188061626396
-0.31391389380369356
0.9939759599949614
-0.6448181475221197
-0.004571554942053445
-0.5486207106594702
0.08423894003970911
-0.7821464449552865
0.02156101178957691
-0.30374693413307513
-0.35478959458227066
-0.14508231176962308
-0.03498534982878363
0.03684837111811029
0.05025467507974876
0.04843235233026755
-0.11542789202639377
-0.04228760368197569
0.015825887341708852
0.3602542536615919
0.020415145583177294
0.6412462276200421
0.18421103012227721
0.01708334825359309
-0.31289773824460543
-0.12107624489552433
0.06429219520827238
0.6860182084015939
0.289959198420323
0.01684468638176796
0.46274507807345466
0.35692005887676864
0.005870522695945838
0.07410673188446994
-0.35275291641032136
0.31429959871243
-0.04089213911565186
-0.30908869761738106
-0.48571478394828826
0.031010634151193924
-0.04735831343423899
-0.39057612115502544
0.029558434257941687
0.006959444729653256
-0.04582142027950454
-0.28199383164866626
-0.08942469537724812
-0.02691807657016557
0.021604801875424438
0.37037902405534423
-0.18539727806756534
-0.12181451808595545
0.007725964579858679
0.006766126575684268
0.02352792016718782
-0.36014509764557984
-0.11681476578143242
-0.02277672137132517
-0.06469435486250802
-0.06610262846284147
0.040515506377403
-0.027643513419918036
1.072526843534562
-0.09670231480134522
-0.08122216332035387
-0.25556173301217694
-0.04733826946175507
-0.06746855245762165
-0.08125750564667648
0.05922472639641028
0.9573951670262176
-0.018401620445762924
0.03175277457607228
0.06374079421695072
-0.8826998094605923
-0.05806300607869575
0.5159487631587317
-0.07505780663420833
-0.4846988079178912
-0.002830069450070725
0.12987741244423198
0.032404464495878735
-0.2792885691939918
-0.017534595825970195
-0.252032544895206
0.35563433568787617
-0.16079557216771798
-0.5503395623726408
0.01023314747465994
-0.27687328692102303
0.34763782842420476
0.03337599979897431
-0.5318979986992748
-0.10819952853471786
-0.2506020624752528
0.9023626311273659
-0.3096126802382544
-0.3332687538065294
0.04473271176428295
0.02031164633341347
0.012448272729017685
-0.023846238388732018
0.08066843693598744
0.0021178507839673547
-1.0175722362768476
-0.0595319446124082
0.031866571136732615
-0.04848505614049345
0.4760692268730714
-0.07948080153057725
0.00732120031417952
-0.2440139654866822
0.12206119264644504
0.1572533843495195
0.1284917401227341
0.35392338500931
0.28479434124084557
0.008066518595796527
-0.2758852450631447
-0.293719047095905
-0.06766436720723498
-0.5515738325183671
-0.7209313641702467
0.06693427396758626
-0.03241242667094204
0.06285043993123367
0.056517110704173194
-0.5226635786380512
-0.014385976593071538
-0.0708809668288325
-0.3016730588064652
-0.06839544476299642
-0.02752157480018908
0.01640098259313634
0.0714709561506712
-0.00990607688538941
-0.05246982506748949
-0.3187202769009013
-0.16608352066799537
-0.07055206024789852
-0.7061565231342649
-0.3167551329529286
0.07682836947034556
-0.44708983705005306
0.4636879887070199
-0.07014606469801797
0.2935925151311324
0.33837301691323823
-0.005428048881028167
-0.06446709622743932
-0.06479138904432542
-0.4583321109880253
0.4780157197771041
-0.4127730811088868
-0.6423173356493987
-0.5312430828647363
0.3248809966190031
-0.05338340733888592
-0.07484655648966568
0.23200866638176498
-0.034919218335566514
-0.05147449258662241
0.3444329808006368
0.2993746488486817
-0.06192475193957567
0.07994013046510354
0.2936103330135579
0.013068585414384411
0.3115810102869153
-0.5568160057162492
0.04054616532952061
-0.06706007064349007
0.18892127097692332
0.42014722007717553
0.7283723885768482
0.022483611781122445
-0.0037965039700537597
0.24717605105325624
0.04203270019838251
0.24082940310702367
-0.04302241315069825
-0.01879746946107887
0.009941770559839662
-0.0058982082585311525
0.32791277545840153
0.023469452065400787
-0.544860152521368
-0.2976574910297787
0.014110872897170564
-0.07079313580029051
0.029326275034755205
-0.02982894716534503
0.050194318304835166
-0.37136640955278916
-0.3434939017459755
-0.029982229868339448
0.5034068675069749
-0.4780677652692619
0.25996187374116964
-0.33264284727683474
-0.34744113178087843
-0.04373078832510032
-0.6087958366868886
0.22769985891587935
-0.08803368234924007
0.5265131932887301
-0.7244749444660631
0.4003564667033604
-0.4750864136167713
0.0503750253603332
0.38796819160815593
0.2735410911139531
0.038270997149424384
-0.03493768928755193
0.0697407183393108
-0.01960317011341789
0.48186284226679477
0.0036710408745884225
-0.5084749538136378
-0.7383028476883629
0.00887000913583246
0.14658724328558906
0.019474605038790126
0.33268166413013767
-0.00806351135649245
-0.31824455187181183
-0.06674396503872766
0.27577436407129424
-0.15632314875334044
0.02872226898863914
-0.40269011899737644
0.0019734213308628284
0.01782993082692006
0.46943026831901946
-0.5161538393560074
-0.04923702073268336
0.31038143941728646
0.040826892071159776
0.3595023274692948
0.36442343735148774
0.8471204220885717
0.3072553950942874
0.2815874998382559
-0.5517892141040268
-0.30703759996007907
-0.7348642684615319
-0.2941199432358247
-0.02366525317468492
-0.013118750724468194
0.29291618054992435
0.5893327586252761
0.36097339264236633
-0.050413285486157124
-0.13464172943010633
-0.022092073831240833
0.03277139387823888
-0.003975257368720345
1.1875822008825332
0.007496586440825588
0.008432424459467685
0.05675949604162567
0.7181261741908523
0.32180304716092734
0.45771326043271865
0.020424352550205978
-0.6137662585326367
0.21579467537631797
0.06242641746542422
0.01875816975558245
-0.33821580761277603
-0.702258601139021
-0.08085322489940416
-0.042799476784730894
0.06403196774826331
-0.3144151518229534
-0.522852068408205
0.2187733815610059
0.3346370869273597
-0.6639298446832607
-0.6511217376191932
-0.2261858443974721
-0.05509983232178572
0.046789004132138476
0.04786423207718143
0.018414820549929198
0.06197486030203745
-0.00619395619599266
-0.1693427074983975
0.3742126215714991
-0.11095633322993365
-0.2989312203084006
-0.04390618717109795
-0.32402940063079255
-0.13330696954203877
-0.3557182207523578
0.12385854931839425
1.0950456011615257
-0.048906701823075174
-0.21235981534931658
-0.09480888376504973
-1.1352648727686507
-0.49175915656193137
-0.12710850630922035
0.2951308302999671
-0.045789032549703
0.004835597751990381
0.33996875535189697
0.2963475985685548
-0.0006509203253612192
-0.26514111985485955
-0.29619072190445156
0.06390553571910437
-0.29936636187256505
-0.5774824756953106
-0.6056406762034281
0.04679770151770431
0.06647542959154994
-0.08101829239063917
0.28551210509464714
-0.13739739082524857
-0.0067336890213134035
-0.04683427358999559
-0.0016520297359094351
-0.05213143963334593
-0.2695566462855565
-0.5472444843819704
-0.06699780118222398
-0.024611993999500724
0.012312360797677559
0.03870163750719277
-0.3298294331661521
-0.7201048908517244
-0.22751505809875466
-0.7209285530628106
-0.6380461645656863
0.31163313109534907
-0.059500898475566395
0.05587805033475873
-0.09394182191494092
-0.0831263459508525
0.7083783919308237
0.0052976648747716315
0.043530451580192205
0.7191612824902578
-0.060162217683349235
0.30711759554099205
1.0326086082058625
-0.22380661154987366
-0.0007140022361844346
0.00005186462265657908
0.05215754059665079
-0.002475193795334405
-1.0528912053724997
0.019919504768222854
-0.028959204968316107
0.3121686715593431
0.28679742261536145
0.5767801358433867
0.002147306534273172
-0.035322786065463026
-0.03555540668599226
0.001289105312069524
-0.0280029782964755
0.019452395048207234
0.06850549939740208
0.013105059186644362
0.23910661374422754
-0.06574958101707055
-0.6674249082308947
-0.21114430595301367
0.4817096427622314
-0.5357670979740876
1.1003638048544078
-0.27637774288263567
-0.3494754687853189
-0.06850467255908317
0.8090164839947828
0.31761256872065974
-0.3195120746216489
0.024397480345021223
0.41395175291430425
-0.32264390299673673
-0.02655003845894058
-0.07290420743956004
0.34107501899614634
-0.5769182888100244
0.0013613799141017108
-0.05640740809433242
-0.3544301732505763
0.04238508765786904
0.28160020964045973
0.06653563763909422
-0.01811389081309546
-0.26854277808192173
0.054739566010509375
-0.06031750036933735
0.06321236316285953
0.06539069957763344
0.2905179348292495
0.028633045252901692
0.053863527643260335
-0.3226970737713733
0.033592639430322514
1.1105255578363733
0.014152727010925143
-0.3431738192715473
0.5334434211685797
0.005722631814033527
0.012329993766314067
0.5448059055089622
0.034463976883718966
-0.27761630848333785
0.4798172969324092
0.061417373765825005
-0.3319942290035796
-0.4634524923427963
0.3583929251851015
-0.8067186832166356
0.05958089105463523
0.29883855241208246
0.49458157899724353
-0.034370434515885465
0.03568997129622612
-0.3989726710031772
0.9832654714172139
0.009101695237484884
0.46632729231825853
-0.06621636966577209
0.04408091311674132
-0.04892704362581694
-0.006592119849855471
-0.3784692823462099
0.5267154381721558
-0.07018781373313582
0.44296397341025867
0.6121947789807113
0.0574569163545828
0.07662647766207185
-0.07071486623586018
-0.03507727319233076
-0.34267826886462643
0.3412926340102638
0.7376229805285599
-0.24803141368165801
-0.5710911841958588
-0.01891657909694501
0.3925552428433792
-0.6068354097743975
0.26035294024857036
-0.23456626262114533
-0.37105198596838096
0.38177261465295914
-0.007221728826284137
-0.30780474218368115
0.304587661816785
0.6822258046186539
0.34501603610280673
-0.02503100985006597
0.23772409831794347
-0.22071900896537303
0.01430268347487316
0.34584140609431085
0.5547891427795817
0.005957066469460807
0.029261085137855736
-0.15560808870613546
0.2896610496696164
-0.046907461074999345
-0.46622372884324215
0.015850388691325365
0.34487710687131723
-0.027193486231848165
-0.008181026985923854
0.6813368124326098
0.22129758326473845
-0.661235867304145
-0.31833450230283067
0.05125477482151432
-0.007332931276155018
-0.6498534660151605
0.005510234480615401
0.24399895744566788
-0.2889789498652585
0.07382389773157988
-0.28491743655254514
-0.037092635357039536
0.3348571641402439
-0.007336205739831143
-0.13367037244903524
0.23408370926448116
-0.05567980810474326
0.6761901685697458
0.0662065641856302
-0.05061050611957229
0.1725758633338665
-0.005700317840183063
0.03923175635476562
-0.061004003560252984
0.055392197071740756
0.08519629139162539
0.19307247483653747
-0.0381518701966891
0.04334840801616141
0.00860594643862367
0.2580178115341568
0.0034609267423278633
0.545221024705854
0.644569726714761
0.007844300727697413
0.0762226960805667
0.24639717143198728
0.022384801035654097
-0.02403146419854633
0.03861303959379925
0.32876189767860575
0.4263929852249557
-0.6430441040716868
-0.12478985089053461
-0.022588196365338407
-0.04506752536636728
0.0407234262711469
0.01968761425560003
0.9375909350935251
-0.5510050208228104
0.03244356176852644
0.050934878982394315
-0.6450261190604601
0.7319211385759795
0.673805955893526
0.6579272479965145
0.27370368843102244
0.022845434325942875
-0.024849460163359857
0.08960029393236024
-0.07388560575084921
-0.00007227306639295995
-0.26740988059253457
-0.33532963261630633
-0.3461876316913935
-0.0075087532404826615
-0.07243496766673484
0.32187315141457284
0.4658967413598858
-0.10785674395863017
-0.3577170356247474
-0.38223469057262677
0.05587703255441084
-0.3386467650950872
0.06508275567005986
0.6492240119548436
0.07654349555590348
-0.6437872356363897
-0.5988776387356035
-0.37308986361819324
-0.20886948257318627
0.48574356903610044
0.009113692448604022
-0.03099794294113918
-0.37409772036649175
-0.24324152667936694
-0.0286991284316929
-0.1794244300112312
0.2447030132128736
-0.013202450815717028
1.0111918832013584
-0.0700622314195018
0.04960751393207002
-0.3458898719655746
-0.005239736975310602
0.01631703892146599
-0.2882329524439061
0.4243446718612744
-0.013028034828841063
-0.33767309099036685
0.011064377674173623
0.18554665323853478
0.1343311854804279
-0.49936622672559566
0.026281257916223714
-0.02678296778500845
-0.33594266822329094
0.8579502179247659
0.35348424413874574
0.30261607020386955
0.06649601954076893
-0.07063840336177797
0.024427865726722484
-0.06924253916898794
-0.08484101551139882
-0.5713584718789243
-0.3363845566586892
0.3443475246902473
0.21304883969831095
0.15780689583410853
-0.5590858960007351
-0.048250847687450776
0.06646817689013483
0.33282357628710335
-0.058295358541198855
-0.041247011065745465
-0.006850718196946084
0.35271115175918843
0.009927627446236346
-0.1349655992399912
-0.36457651305955113
-0.03146367203366122
0.22653568987164346
0.5759716129385598
0.30281116770130856
-0.0016929697575909012
0.29173197955758945
-0.0034901506562789895
0.014438806865116742
-0.6901482673113748
-0.059171839596141744
-0.32870379536872546
-0.029020614177921105
0.506496603668813
0.617877815847697
-0.079591423840462
0.05096953423284464
-0.005891013774865867
-0.39851753111839733
-0.015344364014773562
-0.06252079471687381
0.2966965274887027
-0.30644587210106006
0.16561383776818087
-0.38459500798089563
-0.03081472075561643
0.625701898201943
-0.060612388029552086
-0.1434826771235088
0.30157376226059157
0.010660632212719675
0.29302558592052574
-0.024754644507104816
-0.5293884276577631
-0.40802497919385955
-0.3421100490383348
0.08042657909093662
-0.38937679983764806
0.3647226426412935
0.0010322991442893684
-0.004844102877296827
-0.04611392268590638
0.23154616462436559
-0.43454843621767125
-0.3988267131680432
0.05943609346942495
-0.5307986626170554
0.18973858978410452
0.022864273691312054
0.028557747895886516
-0.1192665740970769
-0.04040640389202229
0.6872992203924344
-0.07209757107092143
-0.376113447832962
0.34468142066325763
-0.23961863346514242
-0.06742588433411563
-0.0755513833744711
0.33386601116778797
0.22883732511747015
-0.020747119045886515
-0.2702536204102489
-0.30114571697897785
-1.0915428480032383
-0.021926789507792983
0.5454589805462
-0.05412592282528399
-0.03623637465400151
0.02886027151537436
0.053788917211260806
0.34621832832489874
-0.6712405044333226
0.048494891584713186
-0.0006281841163289496
0.0487385299146942
0.25693413028285567
0.005738319618252117
-0.6820905805604112
-0.2490592541625831
-0.19788586550970272
-0.25492498812278463
-0.4850187520450378
0.0009419481416732949
0.7983986865998185
0.23530676875898132
0.10253532154603585
-0.00044199528546213677
-0.24982320964023533
0.33022210597606305
-0.28477026239780795
-0.5453510771762793
-0.30425473334996145
0.510093481653513
-0.0053959368510699615
0.025309330423759088
0.019187913955882024
0.0403354651999665
0.14262772248729305
0.02979896537198107
-0.04614943474104631
-0.3262359352761523
0.07000288858537437
-0.15272897193012658
0.6765294798037198
-0.05657561340419556
-0.3488212758851586
0.04822936451689829
-0.3499615723233316
0.328301140299881
-0.06397342185648318
-1.0475631607409772
-0.24500461428138331
0.3564527835022687
-0.34035918181133135
-0.011750428100764782
-0.058407430139816384
-0.04697579743221789
0.21955666984494024
0.30264265850182365
0.3071193121292887
-0.019005180744500298
0.005523352326220456
-0.013290357510303899
0.34835860401163654
-0.01623614088082611
0.37307719882537216
-0.19873204209340442
0.013170092669126813
-0.0465168190075438
-0.02744277848029303
-0.1030569895215936
0.016069030341150977
0.03644166929173622
0.1725688507007351
-0.08117738358062657
0.30679920551149115
0.006998772544866575
0.05434267162946928
-0.055116640743857526
0.05751105837935752
0.33205814067195966
-0.007486928419611955
-0.11331438114328626
-0.034585148768499836
-0.3375852933052867
-0.06567946631202118
-0.0038545587505897424
-0.49959382123511537
0.07295405662377578
-0.2761845524958441
0.004838527799715849
0.03367848253428795
0.5592789613164887
0.3348568723885121
-0.3099484386729434
0.34367668101367443
-0.039677246001667596
-0.16630473771982257
-0.31877497108084807
0.2933493033245832
0.07006394257950424
0.06875199208881531
-0.6733543009611633
1.0313216779942274
0.0077017571620202245
0.5991538534393409
-0.3595279044180353
0.059709022981174226
-0.11085261317420347
0.30703527461688945
0.3449165322396621
-0.06458708815552829
0.033918478682670804
-0.26838933738805076
0.7651312132154143
0.3036077602677794
-0.023123895486334495
-0.33479447471375884
-0.05508453973928009
-0.5589765165086779
0.05449358473606202
0.5592867588399622
-0.23706537990734033
-0.004126250615984177
0.07955729646323813
-0.4642487524374463
0.6004239995227199
-0.5011925223029168
0.03853531692033525
0.0211549469477884
0.03912773410106926
-0.4401375478508812
-0.38506535672136516
-0.00029066935336172656
0.35998996732412436
-0.02386787659022724
0.1955670123713866
0.36438343512456733
0.05989317576635979
-0.032453384840865476
0.060763856299081535
0.2553474465701827
0.05900626597801124
-0.5368449848354275
-0.010519628553114195
-0.04566625750885184
0.04006725243531973
0.343315868058082
0.08796820500922367
0.032546445379824894
-0.38714960676203025
0.0024224073754098964
0.5016653890384384
0.03038001019966621
-0.011897715568407036
0.02161100783587038
0.012203743428617768
-0.32892992805465066
0.08418659712934776
0.04197347860813513
0.07073368228882278
-0.027195880648777346
-0.4087000129030761
0.2183718079418533
0.04334987489080742
-0.04983404841091136
-0.2739262726250555
0.04333793104249247
0.30910810090885854
0.3074761369277613
-0.20366931331297028
0.07508133412986309
-0.04475252969944233
0.2535667216410624
0.38179193472133705
0.02092773731945414
0.10541242016202622
-0.5688043292288296
0.2714149918903448
-0.31335943311892234
-0.06386511412671615
0.3061953666434313
0.26916626907629293
-0.060760184362702224
-0.29508894214518494
0.36103333158906714
-0.611691909418382
0.080445369878591
0.2560260582707803
-0.3823657534706534
0.06119894574699214
0.07263835043715364
0.006030578730016732
-0.02112662845418844
-0.01963396438868963
-0.04657578299651859
-0.3025188071284937
-0.3448684409647319
0.32988341682572786
0.5304141306163415
0.0062780081527549466
-0.004129665335180555
-0.024913110978024632
0.2589067807209985
0.5630920830804248
0.02948528362105508
0.3224027312017868
0.24522876324119375
0.037425209823807745
0.03237779735271835
-0.07139171880999289
-0.023834961404621286
-0.5799400490951946
-0.3070805960349822
-0.2717922139827745
-0.07879260126772003
0.18238804688334978
0.3091245004211751
-0.3749572954606969
0.35576973442035326
-0.0022997098276430115
-0.00035589392988965587
-0.3660819763852238
0.58514104522686
-0.030927629739577148
0.027579023967658604
-0.16552541443889596
0.4331466360530377
-0.06462671264725554
0.29794504877123235
-0.34231868260605075
0.45337266199296483
0.7669624651775525
0.12394619861067226
-0.32486104744692157
0.44400694400258733
0.5251807354062255
0.6188212387939483
0.22600461008770306
0.5893171837422648
0.07433856356927468
0.014766364954677086
0.018344477597668038
-0.2652357551216134
-0.21199172178912526
-0.4118535707552032
0.33080511491434983
0.06309039336398652
-0.05376950493841529
-0.34351140936552227
-0.04341119793666854
0.030691794716778423
0.050122693826200694
0.1169268730055512
0.31348917431761075
0.12692250532205848
0.17608442053044104
-0.29569581582680304
-0.49235303361665256
0.1258429462463645
0.09645718155129904
0.3599215612026601
-0.04277586011190104
0.06705543253863439
0.15599480298960344
-0.2696854829995835
-0.3406764926734988
0.03509675306061949
-0.3404479349345006
1.0741489207143906
0.3088130407008675
0.33923940404374353
-0.0661053685253402
0.0027759325680487374
-0.033846564576476404
0.3725433874189629
0.040388450420682044
0.04435094039038067
-0.026296048605997806
0.20922349317173622
0.05608241132665738
-0.32156645652127636
0.05748736609330199
-0.0013267863970059322
-0.2715219619363462
-0.35882314060938203
0.026536981522776417
0.06214460163381893
0.05060788604002298
-0.01884070657573808
0.3557866354988026
0.0867991957657393
-0.07900717289761264
-0.03785318816377336
0.26835185453370125
-0.4032900848886388
0.2926244358267268
0.03351758130440902
-0.7512942693262021
-0.013059447176274937
-0.04129549859673561
-0.0751024950095876
-0.29228045190926955
0.022563197289856448
0.1461742356833102
0.003717550823064006
-0.9515758409910793
-0.5895231024385444
0.04454036210289437
0.07830360606433107
0.006017293537992548
0.039830247818658314
0.03129928063425205
-0.006481727078773033
-0.5209636238066823
-0.016320318528970652
-0.3238407271732634
-0.006236044248923457
-0.472760336521506
0.024778188652011757
0.23798071426542025
-0.15073130423218115
0.007386603878808416
0.3969015585348125
0.020175498013133102
-0.051494050688952554
-0.358667350329448
-0.3822917737446521
0.2958138877769019
-0.6543485957437195
0.06606699576638667
-0.1434270180596018
0.03091313006830528
0.06038297272529655
0.04599371354163883
0.3196421335305011
0.32782814940500793
0.0063801022235846295
-0.5133110966291032
0.5917801535526755
-0.053598215721357034
-0.3829830198882299
0.5906155732668079
0.04243899212306039
0.6826815292220502
1.1039959263017962
0.2469112629853122
-0.34493774488216417
0.02359417609735806
0.048244017591969245
-0.004660203836858221
0.09203763400021074
-0.06395534233168207
-0.046221685077061876
0.23102548081240312
0.032792055416107926
-0.3485266723861963
-0.03439901787563901
0.3378991706492378
0.5039171257874233
0.4225000991276634
0.013794744923605893
0.007373875225576346
0.01627791522844435
0.44818768976307855
0.2224638168000946
-0.26036128597023395
-0.07332629440375962
0.004572261278079032
-1.1373820902609142
0.019113366453278886
0.080354832595305
-0.06399402273298611
0.056791962828219404
-0.5290056975348209
-0.05947186858576625
-0.3736861810806952
0.005533035955530727
0.042365172907721294
-0.25299280394856827
0.3435148242942755
0.1468991545177567
0.4471608835027511
0.2434714400933363
-0.2999724778378506
0.25343918193211235
0.27145565628033813
-0.34804529548898816
-0.36788175855883426
0.04566345863612837
-0.21203554910183273
-0.02674433395107012
-0.5584298692911792
-0.04978011729721528
-0.034898558299924325
0.463776884274778
-0.0016986992825276618
-0.033951788701351106
0.21398175777720765
0.34456971291414284
0.05841991569189302
-0.0698233316745008
0.5411822334232026
-0.24699352262219137
-0.7322222200341205
0.18956188817983036
-0.08098355414074929
-0.6016876148282081
-0.3486633869783415
0.27303136575689907
-0.18263867974772144
-0.07034600243567314
0.02878446222302848
0.002452452706695517
-0.14983249391872144
-1.0946600172807557
0.027153638558396954
-0.0067504056286120965
0.026536276270532653
0.07637345592139774
-0.5082791405019147
0.2667710511487239
-0.2870803633779
-0.115433474074302
-0.23091335621373998
0.445446289387943
-0.2058429354109329
-0.02608194111937685
0.3695459365095975
-0.008550711001080409
-0.5889141621940702
-0.7073337478492769
0.3984471792465841
-0.03186875444928402
-0.010928820674507728
0.036603503733957085
0.005464823649537338
0.07000674211665148
0.5492009306669821
0.07056582344372872
-0.00017196454556179654
-0.26840548337880127
0.018662399444456263
0.04253492582858536
0.002170091700798822
-0.02968251956444707
-0.349133433511704
0.34695327357026945
-0.06649367521868199
0.0056421358940018165
0.23122834028529962
-0.001576656800029628
-0.04118268588533643
0.35041724220647386
0.5324554350742489
-1.1169418950765535
0.03442934218025025
0.2987547993970578
0.2040600307315541
-0.11787965018188772
0.03930762178558601
0.06421333908590969
0.30573731798819787
0.056667561599703584
-0.06951407110948697
-0.027636063268840962
0.38505142495282885
-0.030903837927089128
0.21099452357169432
-0.3238016343846477
-0.05822012623599344
-0.014570778005010132
-0.14102239782660525
-0.08036851440232896
-0.4902305721233915
0.2817049595137234
0.02250067669603592
1.0229236296350837
-0.35287871070597193
-0.05945154334316682
-0.33077063749814806
0.032244949989499394
0.5635216813552693
0.39761352173220504
0.015593003937370313
0.957522383615106
-0.25095102578807543
-0.3076383198763594
-0.34597637140072973
0.007003932782726515
-0.10763275788176815
0.3722739544172723
