0.5058199952896835
0.7552753469044007
1.1437982903751667
0.9138958833790379
-0.49722113463510687
0.20165235795800054
0.3625148759978792
0.2699449511557836
0.12964310514190674
0.13124564972043312
-0.2217046440897368
-0.232775888848761
-0.12438373609010449
0.5709927763821298
0.42274438982814444
0.7668070281085889
1.0964743691574212
1.0113567031973252
0.4065142353697973
0.40759912177293717
-0.3366688728619013
0.4234987551013922
-0.08625603313893347
-0.11691634609127231
-0.4359429093156087
0.396385513201344
1.1654157937130394
-0.4996213407494247
0.43902638468853084
-0.31078910546554595
0.7449837604959613
0.032135533011889796
1.0373135670851434
-0.2680214346156716
0.32519273180810065
-0.5916727505662339
0.3184073507830381
0.7658583919442006
-0.06720444266894665
0.7183942167606505
-0.33205688258226057
-0.9805852790635509
0.10069995042970634
0.7844811380295492
-0.15903047814656773
-0.4906467905506585
1.0064688650952192
1.1244412231882734
0.09935034069525402
-0.5918519903929848
-0.21856341316255024
0.8015434475207961
0.22603114279199038
-0.04945779808514228
-0.07223467982726994
-0.5083575126992764
-0.9067883383214853
-0.15595415743481936
0.08045365579002983
-0.10040079559942498
0.12938212526080514
-0.5163692913284614
-0.39020962199535586
-0.2561353635203424
0.028252896203639792
0.9340816403598311
-0.15079729678949624
-0.804308669556565
-0.29688958749643646
-0.32043468967139915
0.10302411293345211
-1.4881712298571461
-0.34145919443536227
0.6534064929208068
0.3181182931565997
0.9702409980251107
0.20874213501386193
-0.02647716224054608
1.10567951171285
-0.562932876956909
0.09577231330311288
-0.12290188778217918
-0.43176309862623385
0.9295268772360346
0.6135806942610208
0.9648467738978321
0.0609280986359164
0.13076529742314957
-0.5442152959735742
0.9426445522282323
0.3064197584487225
-0.7940975581425673
-0.16157198829336564
0.32164990359102086
-0.08754486844063653
0.35486120206014915
0.03080290341829915
1.1605612266004135
1.1806013508556974
-0.01301376273371221
-0.5398876274714187
-1.114012174775832
0.5849638353516201
-0.8759349647606772
0.03171151162188436
1.2813730819391849
-0.3932273472988083
0.25399531267655473
-0.5612623078772703
-1.5005783773102397
0.38364457535933244
-0.35150874773034835
0.28589093668966475
-0.3776360910782217
0.3979762909525888
-0.4349310349091569
0.6179754244801166
-0.1288677756671542
0.3868614608530864
-0.3020746118806887
-0.20134559690066894
-0.17546936644442576
-0.844605102629164
-0.9642973921563784
0.17755309870648195
-0.2744447420190495
-0.7231536243711683
-0.44848534960175723
-0.2549666149663373
0.8414012855989575
-0.9745933861518058
-0.23506261683328325
-1.3337717080700204
-0.7781048958790533
0.7860706197192388
-0.620572813261777
0.5613846578080748
0.3920566118284284
-0.14577796120058045
-0.13861967982329557
-0.3781531223241435
-0.5116135633701632
-0.8984000158199639
-0.07107293797990627
-1.0133161879243824
-0.9470104383096273
0.13834306681225633
-0.33490902825773944
0.5143626185253319
0.10181255466562579
-0.1317042410648075
-0.26903264563941076
-0.3716588155761979
-1.1177832988807839
0.0880583560798083
0.24751413696208394
0.15457404234583338
-1.2874403239041652
-0.2520467713460201
-0.09813262505963559
0.23115175102069066
-0.08014241958609215
0.29395595309497263
-0.40164230539748874
-0.2610422155170421
0.1155137663743809
0.10322267494422778
1.098552104105874
0.8752128063346049
-0.5036405733766054
-0.5465986935633632
-0.09436458315337427
-0.4696193129294055
-0.25670814188027
0.49128901778405
0.5374306282710865
-0.15614005727311397
-0.42986245632530207
0.23713678930153775
0.15225489029352587
-0.8791189521164613
-1.07736916664667
-0.3144524927101492
-1.28214051704168
-0.8133420002701668
-0.49265945392529253
-0.6721047226179976
-0.6037080846463948
0.9178846521495573
-0.8425219934673691
0.5977447417923203
0.8934805262614903
-0.8463796843113777
-0.5817354154281503
-0.5398738663269999
0.16901312601666424
1.0418200979691385
-0.3005441297575179
0.5038001581308651
0.9013406198935485
0.8336108393606819
-0.71516494811091
-0.5260195432831676
0.171545579700599
-0.7700078989250915
0.10860186631856447
0.5481896404120807
0.5334156619297769
1.1126716949848416
0.6301740210921518
0.7717317944133534
1.2864857321008438
-1.3582513557569174
0.9110737749587003
0.011977203534460044
0.31320806720772887
-0.3349697886776237
-0.590556721969917
0.36135211029631487
0.04253037250733269
-0.4576997427164635
0.6254832031413695
-0.045760009206725454
-0.19767442607924268
-0.6184276955126602
0.18636878277976088
0.3854246621963132
0.34057648041161237
0.6062633268243169
-0.5742589481952701
0.9693447932247131
0.42138783062335283
-0.372321734840055
-0.0703515164110621
0.3667174464794744
0.6383568601504207
0.07267575846002555
0.25230169640612166
0.9613291069836043
0.8042530055692447
0.20852631215246428
0.20001110670657535
-0.6260364893158518
-1.0296215097238977
-0.5313897564918982
-0.6208584909911834
-1.0720566766424897
-0.4676577962637795
0.8521346699294226
0.13456146333049482
-0.4920933040857345
-0.2873332030844468
-0.18311331439912032
0.04151031671428014
-0.7728534660929589
-0.43695957341749625
0.6184429607687904
1.141134103153459
0.22541765522810978
1.011054712536001
-0.16053170865612257
-0.43807497794007355
0.060548199842650204
-0.7191986333473641
0.33371890418974753
-1.2125427525361194
-0.582662384364691
0.5677952837019002
-0.9162744643637682
-0.019950992661234856
0.5894075540973687
-0.555135003239742
-0.1612319561634815
-0.11758438813908229
0.24263811830283166
1.2852206524501668
0.24765687696404243
0.2782005076083826
-0.2445289063362473
1.214502316509316
-0.04502758477969388
0.60431618449227
0.9146225822089432
-1.0351348742799866
0.7582785518316968
0.7733624749039759
-0.520679555716047
-0.18284406588054428
0.49932047369006516
0.6648178717662805
-1.5638098196076504
1.4675147447617958
0.7620264636757039
-0.3131530815535914
-0.27149378258064794
0.13866170296678892
-1.0398092422693037
-0.5494033823104814
0.18140714299317276
0.4914359623958838
0.24313814569784648
-0.929700159866624
0.06100799828864044
-0.23575457649316206
0.040670962323869846
-0.09123066285887955
-0.31403277544502844
-0.7074724641908293
-0.6554710193672696
-0.4502834997674154
-0.790513505732445
1.0468694115016797
-0.49783605369116557
-1.1731778971140878
1.05620248557534
-0.10184603858186948
-0.4336911313214327
-0.3931121414230269
0.4348250317288324
-0.2032909597090732
-0.8210106272524564
-0.2872598476337977
-0.2721994237331207
0.4104631133515096
0.8709085016948723
-0.6105321934665934
0.5505843705298107
-0.7897085425404895
-0.22450060547079395
0.6412542899471342
-1.089820003569839
0.4792666001817539
-0.4337567685962365
-0.5184696100616918
-0.39064627479394426
0.16470419470716657
0.17482518324268354
0.16499334594624718
0.10170519013457768
-1.037707089633852
-0.44809953511626627
-0.7097106471539155
0.367453446076925
0.08002093504759045
-0.1327437378650699
-0.7906865566143584
0.29118305661139865
-0.533883051183132
-0.8831303686445069
0.25414452380814834
1.340766994454607
0.31924685815229187
0.2327247701893851
0.4814642757931557
0.3914217798245948
1.0371421366139792
-0.4245045131492439
-0.044310225014842386
0.6425175075351408
-1.3366669374951379
-0.5081432990162844
-0.1255836907368573
0.3016240493703327
0.11366682789053395
-0.2708338944292627
-1.042796377362353
-0.15766928159631646
-0.4401613562237739
0.6890960500483888
0.031598771589909036
-0.8962750673215739
0.0653021438032017
-0.2518908845731016
-0.2669346135008622
-0.746725417449234
0.24023311593430352
-0.4322238648198499
0.22148128669237305
0.03338543814547359
-0.01603820138022401
-0.5249056052413703
-0.4171183101705047
-0.01646750196916003
-0.2666230428977354
-0.33699955174958696
-0.07670864856445722
0.7684783845988177
0.5667786179240475
0.052617540133714946
-1.4044501714023117
-1.359655844157897
0.8127891635950485
0.08630123067857566
-0.7967315260188164
0.9951589475475192
-0.839291927694384
-0.33148114826530517
-0.20029112965804835
0.7223160558118763
0.7811481198477436
-0.469451502826597
-0.20234081515721478
0.39275232608786576
0.4392347108777439
0.08753506534532865
-0.010068752164671443
-0.38411594780195124
-0.6712746071174122
-0.008868436119102973
-0.23554033662103163
-0.513322672089461
-0.4565003879865351
0.011952308964481568
0.5387656505201169
0.3680850103984175
0.029767998070791946
0.9568830109308867
0.28720131287749906
0.5528856813942358
0.6968976532258359
0.7246597222588931
0.18863040183103902
0.7785655854389848
0.05216964401624356
-1.0255758186139112
-0.30644342317551315
-0.8212710462329227
0.04464814378909355
1.3951598512696262
0.22387024658636062
-0.3149737825285492
0.19672168738933724
-0.7875549618340121
0.022052748224840678
0.2395534329572065
0.2292637336704136
0.6127346540434874
-0.04881527471366779
-0.1353960171988383
0.6900147023034118
0.3139350502602062
-0.11765495561571537
0.619294072738378
0.20520560336668997
0.31846678243091675
0.8786198818248848
0.4940573224212081
0.321920804658904
1.0975797164294152
-0.07117382717181465
0.7247740811950586
0.28391493931749
-0.9730237921822447
0.02810183773440063
0.7368414644517444
-0.012744325000345834
0.30626818248563775
0.27968902964097486
0.7873517048696076
-0.07118330411666247
-0.9553580033076643
0.6316485972135729
0.706586232033119
-0.09048828936843714
-0.3880348818115271
0.8700664903595767
0.22799640963532408
-0.6895225689455069
0.46266588982032986
0.2757954555638319
0.7092775106474594
-0.12427262252546165
-0.5741294580447072
0.792628067440731
0.26069831022462175
0.6100287722002918
1.0062872617924679
-0.13022559174826695
0.48636409986807694
-0.2658211031959959
0.3588764570466315
0.6878882347483736
0.24313004467216331
0.16998866593407094
-0.49939929540704614
-0.9145361680641376
0.12437320232550524
0.04319554893713675
0.3755891848238813
-1.0820506313251135
0.8633053163274421
0.3512516352530396
0.06777924274667821
-0.26899688845308467
-0.14518741699863064
-0.020481188310307086
0.37830588103989965
-0.6856432256257874
-0.8349960506033058
-0.23250578815199702
-1.1580749168902498
0.9500260636744788
-0.23894195606153576
-0.0007140610196108005
-0.7810059525653019
-1.481051920650901
-0.12926657801617375
0.07156938448560667
-0.9547347260961124
-0.7563577069502548
-1.118399923537635
0.34891437929279084
-0.20141367382804112
-0.6305768106590427
-0.7000310711039245
0.4940566727438404
-0.647618001641339
-0.09264194247822033
0.6675211049768471
-0.23025634408829082
-0.4567439030609549
-0.13862144396030912
-0.2618451151559059
-0.4543985155449808
-0.31834748217010067
0.05448348857664057
-0.3106529572651605
-0.43977381829978746
-0.3694894629379917
0.08664510011652413
-1.057815483613734
-0.7884096799194478
-0.3026687049233656
0.3303471669839414
-0.15728865929580108
0.447294764551907
0.6815040646159257
-0.514068443139944
-1.224269772011232
-1.3451824027530255
0.0023301296045366727
-0.9380155324092518
-0.4850441947171258
-0.2365976588922385
-0.5358056674514601
-1.0999749954789724
-0.30890302891983223
-1.0249254309031237
-0.5566916625033328
-0.2507952042538959
-0.14946323075236748
-0.9787460190762116
0.17624613280105425
-0.3724875300790206
0.06414664548743042
-0.3154741001567431
-0.04487497717444448
0.8863831153846543
-0.6574261632583901
0.7685384162562217
-0.9489913770092521
-0.5489698111790252
0.43025051602386916
-1.0039968420166148
0.4013848734452617
-0.8399597119831556
0.009549990666999903
-1.0714004088997153
-0.4365516139157373
-0.3554836672810116
0.475515770455981
0.6581987300780939
0.9646239766835601
1.5283015066063341
-0.4904560834813261
0.3963019003741174
0.9423722358038671
-1.1025884937517496
0.056933689097786185
-0.38515568399128974
1.160908987099334
0.04458384171898149
0.24088629734627548
-0.16494280255659066
-0.15186482684724992
0.39935357367611285
-0.06858433573734043
0.4759488610209755
0.3042065274338422
0.7276735004512538
0.23747781385506098
-0.32485281434781776
-0.28940716652756376
-0.37280060166175927
0.26313296836035766
-0.06583827246229516
-0.3406475410780425
-0.892913789376473
-0.7747714281269118
-1.171293516576455
-0.10703979055677382
0.18000344174360253
0.8934776666415255
0.5723124286665787
0.6949171208371407
-0.5224967304820817
-0.15960042533246002
0.22097891258032623
0.5948996453614754
0.707184619138471
-0.5298471653841224
-0.3593721189006262
-0.049951997618103754
0.7292127055365739
0.20043087479132965
-0.22890877651227193
-1.1905659627928211
1.029054496821916
0.22416207348215275
-0.3057182408408854
-0.582128540400623
0.39759581674722727
0.25647948861872943
0.2810072774245473
-0.692117825920377
0.9727774828370863
1.0018396843165063
0.35044019887236405
0.8707506891998248
0.12974284393725832
0.7787352253887081
0.48178074223532263
0.8363520930939301
0.09866773077982466
-0.15065440931253612
-0.061055291693805254
0.3028209988974313
-0.10843555184515778
0.7578473313073536
-0.015112185681279868
1.0949748279561722
0.19630042514467666
-1.1070994886466978
1.0405194146721133
0.43659797074668044
0.6089982628923803
0.4141115784038129
0.2568384959319161
-0.7881830575347105
-0.28361527724440216
-0.113668295125868
-1.277565833080047
-0.20815871885602968
-0.06608201667392716
0.3936708358781505
-1.1430364083364757
0.526485903766296
0.8248896979506641
-0.4916949301936497
0.7678901329126653
-1.0251858442641186
0.31464881911775644
-0.02048414253209285
0.6850135420695754
-0.29764145629779387
-0.2170282971323472
0.14600358015173773
1.246049045112008
0.49519723777781977
-0.25289879179824315
-0.868642210789871
0.2488940199036571
0.26417447521180587
0.04426021399975129
0.7559240784368605
0.40613917483684775
0.07350204965636695
-0.8515670363972995
-0.33873355069659566
0.5235988529767815
0.06198656015249818
0.30349621791620524
0.9162113901880341
0.870229580000474
-0.6040740652671466
0.21426474015364122
0.762030296019536
-0.4175205401631485
0.6081417834601912
0.6995220970969495
-0.3296750044060289
-0.8618544092200736
0.03478021093566856
0.8890783769141054
0.42275215393779336
0.9110525035612246
-0.24418265297835587
0.8317346484245066
0.2586995225907075
0.8083829324795974
-0.903430845874321
1.1236490062121642
-1.0298393376805386
0.06932775121423891
0.7782293557159708
-0.4861577900456997
-0.28196470499363085
-0.5409752036323686
0.022277934531652187
0.07827533704490998
-0.7232182683898432
1.101853526865715
0.21471862066542793
-0.7871324220820732
1.3475988515453745
0.7358424288449117
1.034096383192371
-0.18269456159840092
-0.5557742760941312
-0.6628556200308837
-0.31439691216267573
-0.3452717347737719
-0.654951326777206
-0.5362399997947028
0.5864791783315023
-0.26114377834460084
0.040082389099843255
0.9124299597359232
1.3592956865656123
-0.7677486683507255
-0.17610308720000153
-0.5724728680452807
-0.9012018207836605
-0.7839037227908305
-0.989924614602194
-0.8111260342837482
0.443443155807663
0.1506978098859395
-0.5152207350027901
1.0317075407145702
-0.48926799009293853
-0.4078192374571955
-0.30189857916264284
-0.4631188644124371
0.11863770398881697
-0.88077837215431
-1.200757601771187
0.40697281084878006
-0.2885686287434031
0.5190469556493499
-0.5072591029065858
-1.0932623200959382
-1.206526123086403
-0.552735373165176
0.15039472840758888
-0.8604036054997947
-0.47679688372989165
-1.371244572732812
-1.379434606622446
0.9876748138693277
0.5118880910963334
0.5079635703129172
-0.46154034756824264
0.6149931846560543
-0.34347590652833776
1.086427155096135
-1.18344476694518
-0.5060511854206474
1.136186777502995
0.02845143988114366
0.6306346529890795
-0.517079923320858
-0.1614397882236131
-0.6929921187384961
-0.09026588924453816
-0.33541183372665967
0.35449407435033015
-0.6040917095956263
-0.7571973071361728
-0.23099749153212049
-0.6702079149138951
0.9374810243131813
-1.0858369995665558
0.5758959494652669
0.8851395020343249
0.3448031052320064
-0.25885230532902587
0.2839715768111631
-0.0003133514081775445
-0.16782569076245665
-0.5013962825758814
0.23151591776879818
-0.10496696052422001
0.5812257524175914
-0.5603022857568162
0.2711817396362556
-0.9224806555063219
-1.4091131600345141
-0.3732211625851716
-0.013147820587559724
0.001025040970415987
0.2931561953019644
0.18595158487272345
1.0767721828475119
-1.2795418511572307
-0.37359215260862283
0.8890314963034587
0.2662412778508046
-0.05180103299112335
-0.17840476576503278
0.9771510737461189
0.2266043533259594
-0.008377921920672333
-0.8048627384171787
0.6469657322265512
-0.06748269667649781
0.6415575539174974
-0.9052813636605561
1.1967633942055214
0.033740777915208124
-0.3053511592541318
0.9700989087110002
-0.6540273818008919
-0.5959618844560558
-0.02177314499004976
0.5413013784102586
-0.4510440362440672
0.22064785760432798
0.10972696891400859
0.7165201062214219
-0.24647518512751834
1.0357721864216525
0.7009941168807864
0.8570073863111808
1.174370963675793
0.35384051212362266
-0.9878401288071251
0.38245658857482806
0.5666898180918691
0.5239890557844051
0.8904146074105325
0.9077127886779522
-0.0010273702243098048
1.2355387291208957
0.34345862908646707
-0.1574070670152638
-0.5426271850328221
-0.05511217497507606
0.23752165220842816
-0.07423212601572779
0.3975552228228254
0.2231201167479585
-0.09029287220042782
-0.43945464906591025
-0.3544185192178407
0.10207797345019949
0.4867577834646589
-0.6523215033302006
-0.900954256741951
-0.2486055122743539
1.1089336695671033
1.3381954017782054
0.6107644735706834
0.01039830544619493
0.16451359975639834
0.11284744599100208
-0.7940949283836093
0.08010753506293596
-0.3350495133469435
-0.2641312855484464
0.48098051054093977
0.46882852255311624
-0.048074389875664446
-0.5492231289107689
0.10978023393645621
0.12147852207324508
0.5835347432627688
0.08393250829167433
-0.6147626736779516
0.5104575296210458
0.4023204393441329
0.28905730009074676
0.4159746107107396
0.3246028821196669
0.21779003371349132
0.1280711346449614
0.1740207361005515
-0.6214536544512235
0.37004673200408233
-0.12511458333016437
0.1619540112138129
0.026266055309922702
0.3311325380482883
0.8893617165525515
-0.29332523344942824
0.0232981578070684
0.8731407069574437
-0.35393905879293336
0.6111189642493983
0.3067193994691809
0.7665150704119843
0.03971144622865943
0.0026510867215750094
-0.7883824101495888
-0.041256702435907885
-0.25598167286898055
0.24550064371917962
-0.8009154854105536
0.5218765766948948
-0.20105238392884767
-1.144304097396268
1.2812336995820157
-0.36548857697732046
0.6283465416556244
-0.3484256378180124
-0.024559579293592308
0.563771491499761
-0.13893545149719325
-0.25527449371639027
0.07673951447329523
0.8542925485872112
0.04617932551895019
-0.8214093175258366
-1.039909072131386
-1.1769521192593557
-1.04675341380563
-0.10470613384331687
0.37019359731146884
-1.0517996640382452
-0.6445009712807538
-0.6452296926614562
-0.42567771984243064
-0.5516581857899046
0.5523319269808231
-0.7462502225046006
-0.271843491239476
-0.40415718906069925
0.4379510246375077
-1.2282533192049674
-0.6563472912377151
0.7820617944102028
-0.3320163530182199
0.3623882404283165
-0.03528204314044685
0.3797115239699761
-0.23062415487842725
-0.8966467641041346
-0.0007017431255005173
-1.0880545103754806
-0.732373308322424
0.9002768099763336
1.0528391673745683
-0.1782005454431954
0.22184521899611667
-0.18075874701210085
-0.08577563802163042
-0.07577197342569231
0.9335434056080592
-0.47654343940234833
0.026947052791410967
-0.034864954643642004
0.20244234368551595
-0.6369395779251074
0.27623713446604703
-0.6289029227460528
1.0405294191371113
-0.3782340486761269
-0.8496158993648224
-0.14840589632855603
0.08418933262396715
0.7857951619788492
-0.46931797482054777
-0.5613319380014234
0.04843081707512463
-0.4352057203846304
0.3012898992478289
-0.28302565600539015
-0.8596493626402454
-0.9808962012806167
-0.7458293305863132
-0.41683359295848654
-0.5073374883269764
0.33726766957688065
0.8168349231022046
-0.1433663441590823
-0.17208400098614585
-0.6607573495139053
-0.32048822998716225
0.24502556070194828
-0.9267116862421733
-0.07990110277002
0.27080250445066434
-0.8548899957139322
0.09049477160025109
-0.19057958483579512
0.6365817481356236
0.10578265919075211
0.2085646177197952
-0.17393859963742514
0.08450938075970703
0.6331750049531504
-0.22609902116576838
-0.9249802311938202
0.08463601182800984
0.30679070574680556
0.7136344943677295
-0.9589632753020859
1.0263175589842335
0.10179286454164968
1.1869281176270257
-0.2709351871818978
-0.6891592477072744
0.6237807043230814
-0.4871995900821143
1.1745234963354134
0.536124272617067
1.1453198770386368
0.4891179009815836
0.7085315997069039
-0.7878296527828971
0.7879380415354806
0.7061890825105024
-0.534976082710755
-0.36858418785219227
0.11055838542217748
0.4639091478211041
0.8326269609506218
0.8600061478480657
-1.0422956255867522
0.7932967801850819
0.8555336332612175
0.36152358867537754
0.25552517337298997
0.1948955883630762
0.16325946232821675
-0.020033147857399708
0.4237556000977425
0.4130676814196614
0.5674925479378088
-0.34350164355641727
0.447036424122291
0.7084486611959643
0.9189072130393068
0.08415213664694847
0.11114394649791659
0.24453320948736862
0.06731468117270688
-0.8335051750488656
-1.3566445804343676
-0.06486904506584033
0.8456434945758394
0.07139379366757964
1.074998773580606
0.6278356438646823
-0.7009876539239005
0.31341127114114276
0.4457741987393348
0.03287473732861769
-0.3365619427121937
-0.058348968212856074
0.6428072460842408
-0.14773407052717843
1.1434129006067093
-0.8544704959217642
0.519948623457583
0.4414048156022977
-0.27640633053836594
0.030255149690733382
0.9560089056435328
-0.4941016195242652
0.15381130406603172
-0.060194772361850286
0.6993468546577938
0.8022561880677461
-0.7208268946023494
0.6616977264533584
0.8545782840746485
0.917744340626697
1.3867986424958882
0.9832454916142263
-0.0875722027414893
0.24981642976231683
-0.37581366267749416
-0.4206014590200857
0.34906067026330956
0.6483562416867593
0.42830147727700674
0.5085079471876631
0.42846040740916314
0.13434092785719234
-0.37253214842009547
0.11071877453208097
0.4849290879545074
0.764368692645038
0.6056952436070955
0.18586325458367275
0.07861478754338017
-0.08928407276564969
0.022207990418523522
-0.36334289996881847
-0.5923061554983176
-0.3722801406551749
0.5062024806343496
-0.14029481249309642
-0.7200945806100338
-0.6168528071315453
-0.27369532433492916
-0.27163078922927797
0.05664914299693428
0.0750880018962485
-0.3112401760280004
0.3125621292715672
-0.7869339199096228
-0.6520451556253589
0.5549903112631963
-0.3550283505215229
0.35564161716213993
-0.5625029289085494
-1.1653801197991442
-0.8562250075314295
0.2705394341546777
0.4699287474341516
0.22191951345031988
1.1279924792539078
-0.37652346703415435
-0.7731995291477939
-0.47004002179771875
-0.37074625275110795
0.5520424825868565
-1.0271203176522967
-0.022207657695644766
-0.32230898143364917
0.45807397787682785
0.19836347688853753
-1.1292829943138794
-0.5767598967879236
0.07954983892426282
0.7655757460852234
-0.8520252392922473
-0.29286930657887333
-0.8935311087258895
0.4142039712366325
-0.16514633044784907
0.34824073175869064
1.1614789614836134
0.14100351007058323
-0.11407943581479096
-1.4314533106385812
-1.052563009897674
-0.30772788111822497
-0.9446829415834589
-0.9266381604393481
-0.0603740727178786
-0.5313269213574285
1.12496115832526
-0.3696838906826395
-0.19477612932195001
0.34679483803726147
1.4037438350161597
0.6979961912895584
-0.1709387844616353
-0.48606998097843546
-0.3710093594629864
-0.6892180806870447
0.3317983473649873
-0.3990967978484191
-0.7719083052347122
0.041938430770187454
-0.5015447039798789
-0.593565534593882
0.16235726337187611
-0.5397470742981739
-0.6935420113505193
0.14869163579904857
1.303408087152316
-0.7121174236039286
0.27853262211985613
0.5577839575047122
-1.0645414825126793
-0.23523825484195374
0.29124891137285447
0.19045504369107766
-1.0984468305655375
-0.7224557002857764
0.2936288645722097
0.35314832991758094
1.0988408865164294
0.07595751649804106
-0.9662801187248387
-0.6628620571630329
-0.48706592619405464
-0.4415557270506825
-0.6683609587814318
-0.813763755428835
0.25511434166288727
0.10466199342214369
-0.8657878210631642
-0.5503618998367722
1.0512753070618317
0.005281038107112563
-0.6874407124164412
-0.7739743241959718
-1.0830793611267584
0.5583415988846981
-0.3513844675210685
-0.15145883606375307
0.6330579179111218
0.7747454192960547
0.7327161371650688
0.8951324811638032
1.171593715191644
0.5066599673137788
0.5166295685005381
0.059172746205208036
0.6505576113181543
1.0073942804991771
0.1781781443278505
0.8529548760069419
0.05875705204538211
0.48755178476049205
0.1081089591392166
-0.31943166925923827
0.4520844627234295
0.3186730812132876
-0.39686165699587517
-1.1180297079361476
-0.9876574636480554
0.044091698348031345
0.41905080647089643
0.6707766631710986
1.1237190685495633
-0.42456223715690594
-0.5314911976305696
-0.14281033541626667
-0.07945545026966096
0.5445675734668891
-0.206798341903519
-0.28866785513168325
-0.19754748271614314
0.2161558636448183
0.9401139200098936
-1.3165017336273317
0.04012633076821777
-0.7639699224474259
0.5480233550561999
-0.595877460043515
-0.6400095724579676
0.6437994158204092
-0.02817705107957356
0.16370186511648116
0.5203437034546297
0.828756283720762
0.33881216498835
-0.44094213806737065
0.1905655864243332
0.9567445236168435
0.010977533125797629
-0.5254963316191571
-0.14535818262396735
0.1518354001882254
0.3581334971612604
0.2723056991118905
-0.24698630178584424
0.22325656133738164
0.3085729945072973
-0.5280301524627503
-0.06405455405645659
0.5180999297756975
-0.1250407627208428
0.0768418427119787
-1.0852602591945373
-0.9773294539951448
0.48634346976304416
0.21453386056134097
0.42637419213797384
0.6246225377870923
1.0873091620773996
0.8200309011039548
-0.7309553394109773
-0.004341313994801937
-0.1724901827908066
-0.2616602014127379
0.35910093055510733
0.9522110365225902
0.5723211655645485
0.053061846577534495
0.5378096779744512
-0.012289527960416885
-0.4936925659147492
-0.2607467115169069
0.285898216323229
0.7613537507334949
0.7322608614941626
0.06688298987037171
0.20622664018868436
0.5224315008195596
0.4074561217747769
-0.4016088799297241
-0.04805328078816706
0.3704132574063226
-0.43144143867082313
-0.4918766085505245
0.4423681504522501
-0.1034145933765499
0.45951240118208686
-1.0152555587238847
0.05457957649075787
0.8098965197284022
-0.5375127047521269
0.27506156190632397
-0.4203671931471541
-0.07578617521424393
-0.11549457781124768
0.6251819373015703
-1.166597329132548
0.9398320846973856
0.7971327742589882
-0.48880513946552007
-0.9525323160807653
-0.6360857822418764
-0.8600626376352508
-0.24737667570692368
-0.4737222957746512
-0.02935368041524429
0.6285534704261528
0.5417560475353649
0.12479614418457434
0.6140009752886179
-0.932727872041039
-0.9957010283566665
1.1666483844348652
-0.3060821533650347
0.8790185610505853
-0.8785623872432086
0.6557892956455341
-0.307784798692746
0.6630670061995871
0.9163998839845701
0.12387960546588692
-0.05720939767001093
-0.11261185579160869
-0.6035111617436142
-0.13506884230576136
-0.01460492335863736
-0.5501577965501725
0.0056594370535316164
-0.07927444806940254
1.0676331292806784
-0.11277383230370945
-0.7689199054858623
0.3078698697264924
-1.0881022055763174
0.20521465598388566
0.8894348311349467
-0.12286956623612158
-0.7627109643165488
-0.03712680039007907
-0.54863049388265
-0.6196295334659724
-0.12090567345131106
-0.018285112239241688
-0.5127485484869411
0.0895644784499405
0.1338676333344859
-0.9984178620044372
-1.0635561166126042
0.4862853734114255
-0.3821789329545393
0.875602834317102
0.3803059601679893
0.020653980694826855
-0.43701696474515883
-0.09300547706078043
0.24503703612234146
-0.2432177843629716
-0.9113644639468841
0.3518042247470308
0.14911986476924743
0.4867013413815517
0.22062334657494415
-0.1667817103856995
-0.23317333907164894
-0.24237309212213357
-0.5585476041727758
1.157932750877153
-0.9951497148950739
-0.40379767756439283
-0.9032330111912618
-1.17811937388575
-0.46496921331846575
-0.5475144666810648
0.6342354495701102
-0.17155005335637039
-0.38199497938704896
0.8662964143031444
-0.5634988377502348
-0.7626744974782631
-0.5666468795261533
-0.8543089043420332
1.061013689795953
0.4222617328932341
0.505907023755397
0.04311300596181945
-0.04505351063541804
-0.03880152418859799
-0.27795298866394536
0.5023702095111001
0.00838813820641724
1.0066969142280329
0.5023556700229578
-0.164788535035989
-0.5618256443678061
-0.6315119000195427
0.5282338887524256
-0.6330519862996866
0.08972514365094475
0.7335963664811769
-0.5349237362434828
-0.26471698184065345
0.5580452027946126
0.1900214273167784
0.012873763343542382
0.3960415654966134
-0.6388639420205693
0.59874501075408
1.026301579272505
-0.395778780918721
-0.06802380360541085
-0.5224304461828687
0.5754991260459232
0.9563853955780536
0.28217141283987685
0.006048426752956197
1.4514707140415244
0.6006536445403569
-0.5183761688314801
0.5909348789005479
0.769408548044616
-0.3886939809605682
1.0268599513825776
0.23073851887950084
0.11627186703571364
-0.6758788482046345
0.18837286164272174
0.9284883001241288
-0.5892168337421881
0.677578634624908
-0.10012645229078987
0.5175697286646415
0.3847373290583789
0.8727677828952064
0.6071301101304676
0.3402595845935272
0.7837311709990123
0.9221327478704335
0.48773553163751315
-0.19300904541088806
-0.2486149014970188
0.22200281656617757
-0.0401885313173029
0.4928819755754647
0.5463329394798606
-0.15250107169130522
0.4707675960787892
0.44774625017052205
-0.04672859449700533
-0.016663597612916276
0.7953378513751035
0.5965631644143622
0.2641820168900438
-0.6386146637764863
1.0433861308789567
0.8047326047272457
0.549807683085181
0.24142205159970762
-0.24576714562656
-0.6885003735498605
0.37827281618111847
0.762295490227031
-0.0934269378361198
0.5200318008624387
0.4466710645238568
0.3446319241748726
-0.7185597605882167
0.9595472894003849
0.6945532128760582
-0.41776761408630353
-0.18297975146648818
-0.5139364982957488
-0.051696334511905674
-0.6633672324424452
0.2353742665773111
0.5151052676789689
-0.5826343114133222
0.2641966889232676
0.1276908754658076
0.888353257127258
-0.6383068755969012
0.052419983154242004
0.09780029032901023
-0.7937498739039536
0.460415292341409
0.508794139180877
0.37117578064641504
-0.2957172070456744
0.5400831072165957
0.2190206954807696
0.9919535312157418
0.5188785331283933
-1.0963522177577052
-0.8992582401080258
0.15827192342087384
0.2957729951998005
0.08412187858168395
-0.2981481591240481
0.012458074257663713
0.8369330081190445
0.541614810090718
0.16567063947885105
0.09321854847590703
-0.938259282540371
-0.81306994744343
-0.5799748837223762
-0.5229606822965951
-1.2161472369927422
-0.6491664472666657
-0.9943568522749511
-0.565868417693756
-0.7527726768627694
0.0723139485488686
-1.0954853912082725
-0.5737211434762703
0.35141540360049206
0.2502735370566915
0.18884395253097122
-0.8847893513965618
-0.8949587967147818
-0.6194692443419649
-0.31152011454726497
-1.144550117656232
-0.8054117432805371
0.2591525072650234
-0.38691711960187763
1.0090732717415039
-0.2012157189299748
0.0045137800586662795
-0.059236272296269765
1.3994534342555651
0.44996712533853994
0.1617297637514901
-0.4788486886140812
0.7602343385248896
-0.4906840848002447
-0.2472881822225264
-0.5630964707226225
-0.5515868066744126
0.7234257528385825
-0.7382351381574278
1.0565366895342998
-0.7220637522978874
-0.876161921279064
-0.1504944631459722
-0.32375533423863684
-0.40851799838595754
-0.649118063249664
-0.7033569021660703
0.3577093908970197
-0.8083412114479401
0.6699644294205219
1.2130050636083092
-0.6441038253202118
0.27929378264584565
-0.5715321733592781
-0.7338830961450987
0.38695544513475
-0.09793191347628337
0.4667689258244098
-0.16077492341174357
-0.21971804000238593
0.03939361129763862
-0.32261638727910175
0.20343510537363352
-0.5028563543798998
-0.13353980364471346
0.5201745092330791
-0.41662827222944565
-0.7968518681812359
0.6426546748894489
-0.7794530461003086
-1.2021174787230178
-1.2558351531835672
0.37988936067072143
0.4628030916648406
-0.853034646878554
-0.7621552480930982
0.6889667495276474
0.6038761559804255
0.07306273725729057
0.08219707648173552
-0.2467199676860961
-1.0693022222170772
0.7630217759526718
0.6936195190064777
0.32976367494501485
1.1010744547999374
0.0512263429482017
-0.2643624928115928
0.7574876920396069
0.9578289324406027
0.913649582251029
-0.01327678777484902
0.2991261701705302
-0.4917165908345964
-0.3391139067556624
0.33554479032698986
-0.32792221065091315
0.7302737725265839
1.4193054154114009
0.3170980205863044
0.5432958044014797
-0.8459484522501473
-0.480209227745294
0.0710966472170631
0.26145748007775366
0.9068549646058073
0.5993218024315915
0.6601092807390941
1.2745070048467573
0.16263598550879438
0.5661500187514223
0.31636864951838867
0.07735858030585548
0.5556805977397464
0.4763455560977646
-0.2100688427414617
0.6621260993995014
1.1868184205228887
1.082400906281798
0.4445870750740925
1.0387389446452817
0.3757955879394633
-0.1487770156832362
0.4021049615502196
0.010651339649523429
0.7459989724694488
-0.8385423422575359
-0.3454128929928341
0.9809523430266025
-0.16494924314734352
-0.9563892918094119
-0.23549762149553802
-1.0435926753408988
0.2746220394924435
-0.864018957189441
0.8724539480722748
0.05670393110269636
-0.8567112843251781
-0.6853145620121813
0.10886630110822182
0.4903517732534401
0.44655193859439907
-0.2605920095604348
0.5823396444358284
-0.7003426075757099
-0.5677071606759047
0.9150830998781124
0.7509942918601306
1.20327169171351
0.72336626170933
-0.06841298445001766
-0.4718554170902422
0.06022385162695145
1.3201707202829607
-0.20487907386469661
0.9810321306759117
-0.18463434527772765
-0.19833254272956738
-0.07308814844836141
0.43164503462669535
0.0946542670895489
0.7813767439279949
0.14941103962556798
0.07746433445620418
1.2204094608793157
0.2131108210753415
-0.3488155702387374
0.10343549767363107
-0.2092320095085715
0.2634086335210326
0.12348484771245596
0.058961211251135674
-0.002984747047345592
0.32755131222627987
0.730012003312718
-0.7344253927948676
0.1856803028384757
1.1293917657938748
-0.20123032795486684
0.41107165057717504
-0.7096042574939059
-0.6899515814596069
0.7696543888575952
0.4023121187665603
0.7690484154177473
-0.5820072467376254
-0.11215595576488184
0.543171439770448
-0.41823496919007486
-0.9112014151469652
0.17966518706139192
-0.9042375927948147
-0.0012823523324448994
0.04579055309444509
-0.8022824230561671
-0.9009814337023125
0.17794891891308864
-0.4204295779793445
-0.9297324380083626
-0.17520900478332793
-1.027385544186157
0.7952604471354013
-0.5471207724934727
1.1504754561265544
-0.1784060756926555
-0.9342383503939138
-1.1441462724940508
0.09460656453302387
-0.43483762160656086
-0.6708019546259331
0.13984914891141373
-0.1090374007805952
1.56057595969567
-0.9717366038364152
-0.509221741161416
1.0118547266803992
-0.3291076182102813
-0.5287329430458405
-0.47223412931707004
0.20050502020546243
0.27926614260364513
0.2647308781510094
-0.25480762023294196
0.47141034757234657
-0.8025511626895273
-0.8725360820573986
0.289767570991457
0.0475465851721549
-1.2012355824433236
0.19989016744666044
-0.360790356414244
0.049410799106937305
-0.11594908396040582
-0.9433017495926199
0.28556744687016705
0.2584166994464936
-0.9354994684514308
-0.32855038521101554
-1.286288420737737
-0.48533718973307916
-0.01218326584924484
-1.073075435523221
0.5704406343471154
0.2315643409520379
-0.15687482013596182
-0.5702709258999173
-0.6711670627997458
-0.9665923468811597
-0.11374935467062842
-0.21272669443876485
0.6253153152726496
0.5422956658243976
-0.4283740481462106
0.08138391470856379
-0.2623278821126715
-0.16474506175779427
-0.800160259590658
0.05988369460352979
0.9154595108459983
-0.03116028116026818
-0.6462365418343222
-0.7121407813412385
-0.8938219494045071
-0.05231939784894161
-0.366168640085325
0.17926044375713496
-0.2839239693468251
0.232891798201633
0.07524315256435495
-0.8208659120086568
0.45969087881360093
0.11355670561556767
-0.23030598799997806
0.12495865378220596
-0.2399711030920878
-0.9109222093953673
-0.29993825510744326
-1.2118718122850682
-0.9117470642241621
0.26453196837321674
0.33372200150241244
0.8017051116259174
0.8337112861373002
0.23581486138067256
-1.3089480260901756
0.23371437311388904
0.3291191329965685
0.2879749764996135
-0.06395173294109262
-0.08439636445673417
0.09041553137319377
0.6896777559658319
-0.013862150082829297
-0.3192353669455118
-1.2780612704073981
0.6620157291479162
-0.19143645286858907
1.1234706929528895
-0.4802376200642286
0.7147272357718709
0.7514310268991675
-0.2306327985840376
0.27695581599759805
0.3788840655781528
0.21037911279289473
-0.4100751367526011
0.08793546826318667
0.5781444911046953
-0.2979031902845323
-0.7378101177211412
0.5460268173112873
0.6487012952051809
0.3794539460077185
0.42001470762624743
0.10179597640340499
-0.42557905586477024
0.07260169258172582
0.1886814905356032
-0.07773973185577135
0.543821602980718
-1.0559010643783644
0.42846235239878955
0.43389324923159833
0.5609896998823444
1.3650003044356178
0.8665814083004152
0.989739133774084
0.266230876305144
0.4488024228678609
0.293158292478348
0.45945710192912986
-0.15117725931619735
0.40862181419663174
0.23515959587466748
0.6265441655725693
-0.39436079029173315
-1.4890798129519
0.4075267631735241
-0.7942047435722979
-0.27105503887658505
-0.01913990235031934
0.37573979991950673
0.48084667893347266
0.2533450856083824
0.9337134730941845
0.7194781265526865
1.3469338098830206
0.8126642199774107
0.21406686822718962
0.6391895495670387
-0.22043889850516835
0.3734495104658743
-0.18384190614746124
-0.20610522917111265
0.41723565931309553
0.04636556017783838
0.4571207275920245
1.0151490358147275
0.4429897717973142
0.03356011664482269
0.7180210671237798
1.217597702176468
0.6038146669984371
0.5460770265674229
-0.029649926415455663
0.6088709059930726
0.2678591853982516
0.7151732287786847
0.21108179671854652
0.38328682793811886
0.4044991686151471
-0.134667386800904
0.482751469541648
1.080489489008126
-0.9170745504343326
0.07457391108839984
-0.3094248378469817
1.2468584475802948
0.7090880325096536
-0.136171379045473
-0.6395420396672994
-0.8279808429261263
-1.3489827465034192
0.21215030500893456
-0.07750592075100879
-0.4510450542644027
0.31734786416584937
0.5736921540653059
-0.11856054560316694
-0.010841367115281463
-0.3914865878322058
0.029074248576133086
-0.08310111775560759
0.36861365904937826
-0.7037737344026677
0.27941228039981436
0.07848039492415311
-0.626359224010365
-0.10771397302751053
0.8627815768398417
-0.5668555101150808
-0.2018099126725461
0.37388766008311625
-0.5649622948992379
-0.1473820870766063
-0.6262459252587348
0.021013938856570394
-0.12963153130257882
1.1321161266345554
-0.11500662486410106
0.5925776823883104
0.12653229303345614
-0.1202082802736304
-0.12956884825307127
0.14329689431647483
-0.895952568037544
0.5219705017456332
0.234922455611005
0.8589400659588506
0.8426891045767173
-0.7746603718311756
-0.12004973576637198
-0.7858872203326944
-0.3104042237567048
0.03828601426691385
-0.12132704743955713
-0.614346995677379
0.29166663377455454
-0.5025641084878479
1.2522143230349312
-0.07240125559556951
-0.3051431798417434
-0.9151501299612134
1.5150740997556378
-1.0955597755024147
0.0468196920298817
0.5153379191343316
-0.09378584477001
-0.6603378245656097
-0.06761271840884764
0.15752057288489305
-0.29066772020934845
0.37247064405153807
-0.9268322357300534
-0.36549790327057613
-1.0505802910963413
0.23412294016152516
1.268628472707054
-0.0675042414896086
-1.3413503603553087
-1.074263179868139
-0.3580532527000044
0.6460965850801439
-0.005275512041891263
-0.4748533350798679
-0.06179254327987502
-0.6993790072386135
0.43073240899287835
0.2967772749619938
-0.07115410178263759
0.029431767707055495
0.05424354012379434
-0.5470201530151971
-0.2841867723524919
-0.17824465368837417
-0.18410553527730958
-0.02483541963771025
0.7384663454596035
-0.5392700883367187
-0.2433007577475589
-0.37122737558579294
-0.5372869053781608
-0.6118017676951449
-0.5218568520315638
0.15921440783238058
1.230147490360927
0.6300270577433638
0.7811452173629978
-0.1970030716024618
0.39100093492452875
0.2559626820420786
0.13582095833323068
-0.20217362342348083
1.2635418113628638
-0.5571320756746339
-0.1936508263670866
1.4193307117210805
0.5395864440098517
0.8738759729655315
1.323773338907687
-1.1147338777335654
0.9861282390277651
0.39232444315342074
-0.3388090267289205
0.4455914977042449
-0.23313097200272126
0.8846471357941544
-0.9127038075706789
0.16646819489536702
0.3554526071198389
-1.340456196070553
-0.6319151458196993
0.6262466674922582
-1.1295181780572632
1.4222703226159537
0.12235484673884052
-0.15826178780912709
0.49015114046010144
0.026564518073205375
-0.0924991875757156
-0.16999071664416396
-0.37469829954788203
0.11127315185265751
-0.6230345136684419
0.24122870990717177
0.5145162733814638
-0.6342941470804304
0.6897976061478092
0.2385615231887435
-0.16356473310592126
-0.005291419386259712
0.7401793876242506
0.892169042055738
1.2565595499435878
0.44119776552395457
0.12067260812541299
0.11965533609472731
0.030176588380224557
0.31568941607242273
0.3780273850171973
0.9101725711913545
-0.0006753642980623776
-0.7499147605313454
-0.19261275487801802
0.5257685319110734
1.296857215920374
0.06831337638802673
0.34829609838271075
0.6546252285446413
0.31076944224554587
0.013272589841633887
-0.4546417700068715
0.6029415667986451
0.2453334661244185
-0.07330065635944813
0.7993716348279472
-0.41289218810347184
1.364750039800006
0.2387074225699574
0.2477294594821901
-0.9330781460672506
0.7324453411554288
-0.30081212838241256
1.2128268965720341
-0.025676028168666255
0.002467747900815619
0.5746745054057874
-0.23460336948835087
0.03644598089112676
0.5592359386754148
0.6268482357505847
0.05099814873946613
1.4478262706648928
1.2720195027798573
0.5491166382755969
-1.0473411066869847
1.1843284765652144
0.7387579425020455
0.15929558444678543
0.24503960833351215
0.8973004877383424
0.576699789744388
0.4428712555772894
-0.06867042366828152
0.3461695295693091
0.07459158532259458
-1.0343965679563267
1.1614552296595313
0.99546362873178
0.26347993746980203
0.7406523146345343
-0.6181314969855138
-0.7657767777241888
-0.9496552550959253
-0.8665333258095614
-0.7090265767336709
-0.7314659328733834
0.4550609918829772
0.5333841721646785
-0.8898159258025846
-1.1885238592786116
-0.80759337722986
-0.4572897894011687
-0.9675580273700871
-0.6159712026939351
-1.0282777815102693
-0.3148664587174998
0.7488924236498455
-0.6590540961856676
-1.0524938288662784
0.5736863350519528
-0.9590069935157912
0.25641814200697066
0.7718084603741011
0.243627574193839
0.8784770561405768
0.07251583567087026
-0.8621744213350824
0.22125137473445616
-0.9812301058643409
0.7658545600750079
0.16409733017011432
-0.9942891676246933
-0.6946759887260928
-0.5795322883623782
-0.381077417964047
-1.0469849398417832
0.4724982280783668
0.45439065430898284
-1.2031269992107447
-0.7965026139299599
-0.3253423028438198
-0.24660057661459878
-0.9180768738591988
0.5033193174847911
-1.0454335019103185
0.1575026745202879
-1.2726202212884505
0.4852660395960456
-0.15687063683663702
-0.5019361905642349
-0.27635304694023577
-1.1612296440592516
0.4547140226875184
-0.6739848597648486
-0.5665091655708971
0.2847884918058523
-0.06391829642955739
0.17355689356904955
0.1688241857942223
-0.9668112775978809
-1.5064061352237916
-0.0702057905534419
-0.49671309503941186
-0.32489081714553314
0.7714868183300001
0.301977878284598
-0.6627736513738838
-0.44981158194491777
-1.072406883590368
-0.2548161510949247
0.1788450344591138
0.8061628632183153
-0.7933831105189979
0.32951645804682084
-0.43833887523045834
-0.7502963836442179
-1.0667071033908762
-0.41967198719290416
-0.1192770998317618
-0.908422923675363
0.48727933266747225
-0.20690268849699583
-0.8464336383365346
-0.4448186148555595
-0.8451612954185533
-0.3898553963201639
-0.01856282561457743
-1.017936538456141
-0.9159224106224457
-1.2030894222122521
-0.6798955337800056
-0.6314326246160847
-0.8321873915364689
-0.18798997532934822
0.40157979145978495
-0.8365832995511931
0.07702891561934457
0.5690704311268396
1.0443469521875752
0.38395576097202627
1.3861597051987662
0.3704405903333336
-0.7311125545595725
0.7196039626359063
0.5485035651657554
0.01044031917359468
0.24677222165370194
0.9854358554175918
0.033225681883174284
0.5473314808287142
0.3184644724653367
0.9302042393130779
0.9241703209133764
0.24946651307679782
0.02536554258671346
0.286191915443128
0.3531020970754722
-0.6210189027060166
-0.7948142739085392
-0.08225337440620933
0.0075045438197961145
0.44305322146089665
-0.22762349447257071
0.5901616322325147
0.40099303569392697
0.10752208303112701
0.5986539978916621
-0.11276985668729543
-0.33803726811408574
0.5179314441612742
0.20533046572469682
1.1514005503553606
0.05686251083500133
0.6496522130768504
1.2353676668546292
0.02710313754469342
-0.6991210780608268
0.6355008865422125
-0.7154241832694008
1.0417905820763813
0.2993423929661338
0.24308575619231607
-0.3888564973302183
0.5115468030696463
0.1374428311925062
0.7227321111185874
-0.9242397710092112
0.2584202873944811
-0.015030043465460316
0.7644852322855654
-0.27469052978535075
0.20647276338727247
-0.6646346932314853
0.7806702216118592
1.4354071719454784
0.9937325191316517
-0.3313158977351809
0.438669157451859
-0.6330647554284986
-0.2137908446243894
0.07782959782618361
0.3781617428308171
0.38733169530363676
-0.19889991881473826
0.2837980196809889
-1.0905488330200859
0.026852920453769552
0.130285953485195
0.33433850869697956
-0.9474060421058171
-0.4077154596203441
-0.7414894889905603
-0.2586646363939753
1.2783209335661174
0.18500898531260623
0.731999563502336
0.26136381043947293
-0.42360303818243444
-1.1420642221266297
-1.0035263979325861
0.5186236397363241
-0.49928464727645133
0.06188922549746986
-0.021469730971013644
-0.10155779712724003
0.2925056198279239
-0.34227152416295353
0.7758506150848055
0.013818864893426026
-0.800021903839164
0.46006082842130774
0.7396583601623897
0.6267159807605399
0.8586702800896201
-0.7358832197156345
-0.12238938717199097
-0.1332630227899591
-0.42050966534366796
0.6902356408216603
0.21451768929394407
-0.2884667416140841
-0.3154223677198294
-0.15843962302615736
-0.015007850155474485
-0.6274649784253823
-0.7377724666608688
-0.1626905968929262
-0.7249247787753915
-0.6580315390922
-0.0542565015750273
-0.4923717181031379
-0.009963172193711648
1.1163524245616254
-1.220385980556924
-0.29666081340024303
-1.3886297991965262
0.13841978371272914
-0.5783922367986591
-0.28557251194440086
-0.5553137137826211
-0.49049442469241533
-0.5773956629813958
0.6230865139795464
-1.3404926928099736
-0.08827044209378254
0.33402522208495944
-0.060499260687215735
-0.9031320388907709
-0.6809136022278225
-1.1636740478564656
-0.8622621830337388
-0.10724185391778884
0.03630885443360857
0.8628083109984214
-0.4250032470864756
0.0946763322145565
-0.8779090919014669
0.24423108829442383
0.31422596789599694
-0.6452587868704621
-0.3185578603802618
-0.029345752797967414
-0.6321263407969049
-0.057748281377589646
-0.9029662655044304
-0.4157780441991445
-0.9151292340186877
-0.5090542389808662
0.40863160840246654
-1.0100956936727188
1.149519074483436
0.24066523364499853
-0.27745251194709913
0.6815152399780268
-0.46309514216905573
-0.585936665974815
-0.5410139515867752
0.8046224616486702
0.3044872399036334
-0.4438555708868279
0.042374575451576205
-0.06107257487048885
0.06503931527691277
0.2567873851860697
-0.8290437479717321
-0.3364790056051762
-0.4458566587742376
-0.13482022536581084
-0.9909976210533853
0.8652789923450872
-0.717971394280394
-0.3098642204392433
-0.4688737337597078
0.7340422115199489
-0.33517963811615
-0.5117364328613637
-0.13354484826662946
-1.1342769611355898
-0.919575069732734
0.6385276861018414
0.4279802509690948
-0.21036910081770352
-0.5800576659810829
-0.2576603749373711
-1.0078529077952247
0.0716889798427189
-0.6904820756565742
-0.21794746047045316
-1.043506835973777
0.31062033001775946
-0.5251606383599845
-0.6655037133179758
-0.07757297381524113
-1.1400642357224098
-0.6243995125499655
0.7673786183328453
-0.38790169325010093
-0.23987100408298692
-0.11913636990035494
-0.6460732449898259
-0.11550103173577665
0.4310108538662595
0.433551014440936
-0.4011194029966755
0.32235947259435244
1.1952520769479094
0.3408244628409468
0.3643744778424277
1.15892092426555
-0.0738851300219761
0.8030196407491534
1.1760758050069424
0.8720686100499739
0.7707356245970605
0.06065740131748291
-0.6399390869590877
0.552818578281857
-0.5051531733278338
0.41411571457469665
0.14953296500475544
0.10166530262879195
0.3064008308883039
0.6536025248699197
0.7044232681641471
0.25219815893035785
-0.19547541967320617
-0.576331495083716
-0.8262936615779766
0.3223915342203216
0.29552056628668333
0.7614582520894361
-0.9307634379900116
-0.30894171976165546
0.7263690657637788
-0.5484471459154251
-1.2942220678262748
-0.8270073600762865
1.1599071356296036
0.6572408546641961
0.7795080182176556
0.02889038831576181
-0.14365961443282807
-0.5026064868967334
0.38264039953035595
-0.1253466341957453
0.12508203460583434
-0.8867897674774274
1.1576857802155707
0.9210491373109073
-0.05134581255586786
0.45604802197669847
0.46238488023964197
0.5735427075003205
-0.37495938219242264
-0.2872635461636565
0.5210191445281477
-1.339112322612333
0.6993399877462575
-0.48361600891966644
0.5398382041135112
-0.963094208809945
0.46535474415891853
0.1957308965817222
1.4028467445462807
-1.045915778903806
-0.25664423213439436
0.8955823978960854
0.43553924459163196
-0.08931874487294435
1.0359905055754839
-0.5854460986370109
1.0707923430473145
0.9996240598384962
0.05283956172727255
-0.2698200974290374
-0.5763599888532013
1.0418380138346373
0.3848423611332087
-0.18219392392914194
-0.02005388622620267
0.15507111907163706
-0.22226222674025775
1.0251663073261406
0.5584364033747349
-0.05328099855144395
-0.2760091466034709
-0.2041767797217339
0.12829238854910785
0.5034562597995719
-0.4853295539584805
0.5378652219760474
0.834017629798453
-0.5188199668217495
0.7540013703658986
0.5539373886394728
0.716091308448776
-0.5072045610572257
-0.7426037948135272
1.3485284217005256
-0.7487193094373816
-0.29286048762334105
0.46518891438384324
0.829071916296686
-0.13410036280416696
-0.7550270726847844
0.4693293333325821
-0.03198325480151539
1.1653832999134224
-0.8561195652298393
0.27389261811022403
-0.19939268074498742
-0.41219346256522765
-0.14585635797525398
-0.23108880996030304
-0.6005502389809
-0.03903302922197841
-0.5607752730212026
-0.31441192366593557
0.1614813136779919
-0.16297594108560107
1.2577293816461779
0.564646167597891
1.2078657885479547
-0.8437148755950115
0.29514838191438414
-0.30064074813810726
-0.1596291279460078
0.7438043551881632
0.9039329693684748
0.22661594710170602
-0.29968084283688456
-0.5321891736159664
-0.5085281345597208
-0.5162222757108093
0.6792839202631923
-0.5854891712782714
0.1802518344748672
-0.6046768275354312
-0.21413056718177906
1.3060510882617846
-0.07767816953645465
-0.5275391776543287
0.4066643093236246
0.4421523189292923
-0.8835244486385196
-0.654075496162251
-0.8206212984501411
0.28960007167875457
-0.7182137143185836
-0.5785128894820238
0.15033681397757914
0.43152280155016426
0.2803636318413999
-0.1483651540896111
-0.6044761239191789
-0.17741650165145498
0.29421734492930973
0.04135667623754783
1.155039156583604
-0.5196664628693365
1.1771909287377333
-0.942287928557692
0.15173952246411487
-0.5816347584149941
0.7556576273364889
-0.4373781681541241
-0.8695278661751554
-0.12418002545145142
-0.046645182481815255
-1.0505389059737296
0.5730478824659656
0.20339459972349694
0.0223842289320055
-0.9054949678145268
-0.4386377605093837
-0.28961945856451277
0.10463168231842218
0.33743646373644187
-0.1621619501750151
-0.9835986684268193
-0.08532354742961092
-0.2943586483962314
0.8918953805473017
0.43179059479725523
-0.38551071240061946
0.40943559387601314
-0.2986178778049083
-1.133848741164095
-0.28596408576807597
0.26139392945153206
-0.015109334082026372
0.6013771871937383
0.4959886101487145
-0.5572468660243015
-0.26299584366619777
-0.20342781764956855
-0.42815770161338623
-0.07811718163671341
-0.723319700266709
-0.6438545697267684
-0.06468067874298426
0.025463117264278867
-0.286423779282481
1.1692387084457845
-0.9233840911624701
-0.32813073463272274
0.3525600299923817
0.5284971657372425
0.9362644297194085
0.2055218268399114
-0.41709067857520676
0.022378876499679706
-0.24659379281427887
-0.6998580111667354
0.37992804397119523
1.1713597631196497
0.8773628291922242
-0.14031190849022537
0.8717799610527093
-0.20777629855853755
-0.1555243978457592
0.32742372913567847
-0.21192695378117604
-0.12612198955183743
0.2072177297965272
0.8462684914855191
-0.4530413105080087
-0.21173865908292536
-0.4429724716556567
-0.0333023305489536
0.3001659332857487
0.2481627703201505
0.5351606894241313
0.6747019664457914
-1.1507764773484745
0.35047087440231556
0.6954806801384731
0.1195161702685057
-0.18545309182296818
0.395246060985749
0.8565407870411328
0.4796439240807688
0.8325858665181676
-0.8088528181565559
0.29004996813900846
0.337255340839596
0.6017148216692189
0.6970709639553629
0.022831145828612023
0.2528006070750142
0.3585584019689541
-0.6079772434805991
0.5625902348371843
0.08978938765501442
0.325337342595306
0.10480860270958386
-0.13615058671137054
-0.2015371602544991
-1.1078326301939279
-0.2061341549863895
0.6327251030910078
0.5172518576815359
-0.7147246911081173
0.39086160151980465
0.4520161339129759
0.38936633940506843
0.27071741371244
0.6553625735232146
0.6418011622308532
0.8231494712825312
0.029396680326824708
-0.6290719580679698
-0.3929344760806417
0.32304431983108955
0.4597881161233994
0.050128428030304435
-0.34876775332616844
1.1112215570432804
-0.12713638393843832
1.050110590950919
0.24271578222529064
-0.9554045539885097
-1.247285829955427
-0.09155016576611205
1.2234684764780002
-0.14202368253054165
0.23961649375318722
-0.879356125390033
-0.5254984975616225
-0.06886232555239806
1.3955431631338369
-1.47830697124006
1.4180813429988308
0.4804563111453678
0.17977142260772352
0.49740803447182486
0.6768796830617051
-0.5592173309024279
-0.8869494821404822
0.8661162935534912
-0.24902534577681318
0.7477103463152458
-0.3704622758136456
-1.1933644109559642
0.04187605837537185
-0.2775028547142381
0.03729903129805403
0.40596149629451456
-0.4990332056122313
0.8168951826671007
-0.9558313644246439
-1.2876681340155642
1.5270730211414791
0.3798721385446186
0.6444579749391003
-0.35880941390182264
0.19567968548991693
-0.5052680858803182
0.48448579560468136
-0.12361109334128768
0.04572367224619001
-0.39759989876497165
0.30447991209038056
0.5819630992026061
-0.4758591115938386
0.10250504320248228
-0.7660128245785672
-0.20266914443454256
0.3429762583643847
-0.713658261043993
-0.4404693051209958
-0.6220772281493121
-0.6288640986772619
-0.31252742647077997
-0.09216493420312405
0.9928141970977482
0.4510654727470518
0.4946636853673836
0.7515468943759401
-0.6428498372793643
-0.7127435629632821
-0.17854102820738443
0.1505580597371316
-0.5329292566413744
-0.34720418421905463
0.20171530341400404
-0.6824265887317362
0.41590050831401343
0.33249236016683925
-0.7224219432718755
-0.5358355202419498
-0.24626875058158135
-0.8275784850754139
-0.056017494831670026
0.7325306803952939
-0.79120976780931
0.6183665569682992
-0.5516821083199542
-0.020695549356983974
0.4846648481457829
1.1752309609353349
0.21777621858801421
-0.2605787600403371
0.7593138322373763
0.3107329413450518
0.9708130993574485
-0.1961303180412355
-1.0136857111393605
-0.30907516942482766
-0.09856787357874061
-0.2591253234168129
-0.2340870960769108
0.5244872124826195
0.4106973529173906
-0.41558722051974617
0.8346641227266243
-0.38518733023153257
-0.8123542797342004
0.25271468585497653
-0.08568968738759519
-0.2608989364035863
0.25532275246445263
-0.012768630912006864
-0.5995554831057949
0.8649052689663371
-1.012749070036512
0.7870950819039617
0.03192853871353073
-0.2702227360671094
-0.7939794420932071
-0.06411615511818161
-0.7244692498608387
0.6977827568315754
-1.0569786405165293
1.211400350433016
-0.5236477140452074
0.07600666647178153
-0.7521575772237528
-0.30275274251087336
0.06007022066771271
0.08385836716083839
-0.5138665709860173
0.6605451583290932
0.7453167028646596
1.0502312785065826
0.7413452470625912
-0.6159201208941792
0.9357145615040176
0.16644686340280457
0.32266473301813364
0.40910363533956845
-0.38151311954281825
0.0074936838897710625
0.4182496565466939
-0.7362338100455585
0.28667019662996845
0.8511012009182908
0.293125977864131
0.20522977513091525
-0.0655548131710478
-0.04448080810416813
0.7183628758048968
-0.7182252064706899
0.9602781834827568
0.6649664951590505
0.09555755769753677
1.0607888193457824
-0.19933594874350963
0.11643852576179077
0.040496042696428786
-0.44345896166891763
0.19003526526950176
-0.8599736329468166
-0.3142844981740985
0.33909622744724416
0.8993594718684865
-1.0797376833682788
0.18571675012696004
-0.818020436452399
-0.5627127695426889
0.07422330425628337
-0.3616283804681868
0.22177197839792925
0.006116396230717988
-0.27379872467227623
-0.01543594002257678
0.5080683739554289
-0.9965746192718101
0.27855884267309394
-0.8609105899289505
1.055317632643422
0.5777985726448657
-0.9146230245932742
0.3288197566374789
0.28559644308415105
1.3959020252233703
-1.1280951464030151
0.5617392817454688
0.7934954785528134
-0.3342208980941505
-0.0465550429637106
0.3942055871576234
-0.2139584960884263
-0.4109765724054771
0.5993760092118847
-1.267289460918868
-0.1284658969969785
0.5751384525596612
0.1453467459301736
0.5896596862709548
0.5278113275754056
0.37506240114755174
0.6287478998203524
0.5845399971444546
0.21595607267702302
-0.10218640656454321
-1.0864385081000807
0.015287638913054352
1.0337194858509828
0.985475951658707
-0.17149741202002283
-0.6484163048418035
0.4768833978920601
0.37810169399085586
0.3628335395255311
-0.12950700273406673
-0.037745592847139166
-0.9484176282554848
1.4093875488669474
-0.25378207085236687
-1.0786322671972048
0.1579679465471546
0.07376215930730765
0.29090732846635897
-0.30226533903893354
-0.05897508918486093
-0.7486453468916834
0.9633098757335787
0.337858699314468
0.9718208567729808
0.5571125251070927
-1.0566727721022398
-1.1230330142616898
-0.18146737740533317
-1.1125676268860645
-0.17028129765556546
0.9779002066096824
0.1927679587559992
0.4263815459515808
1.4331215146623295
-0.39766720167127373
-0.041603546390651516
-0.425000347655534
-0.1050541313006603
0.5548547779211748
-0.7121862929244916
0.2418142555607104
-0.10060675770653017
-0.6984286029879301
-0.18738237509823832
-0.18506766394345847
0.29450226723034706
-0.5365646093770812
-0.46727642663161684
0.4417577713480168
0.37379459679226124
-0.24726861362595218
-1.1173960408270749
-0.31798693793538496
-0.16075306004042408
0.3142692420469656
-0.40678349649732565
0.4480529508278797
0.36204395655463206
-0.27414755990831163
0.11063641796206994
-0.18382519925599972
-0.8942588566274255
-0.16911950142381957
0.6417743197087915
-1.0569020484148466
-0.2859831016526448
-0.4490081795011284
-0.9042274418461108
0.7381296198523152
-0.17566671855502286
-0.6529352426337872
-1.0164185811647908
-0.8000833348498222
0.09170193617573352
-0.5287800379934335
-1.1109242144031601
-1.2170209496733986
-0.554697432519959
1.1134726439633806
-0.8858128658900634
-0.5384358330204873
-0.432074610546508
-0.46505917078102005
-0.8462314181740451
-0.3903622314495883
0.7855613083108752
-0.8325212388496818
0.3039536015102354
0.47414598013820386
-0.4924987345874405
-0.1720402995272887
0.509911252044067
-0.09125784935869001
-0.706415521967628
-0.7476347570584824
-0.09094072310344815
0.35505488914035244
-0.007026997009817775
-0.017555249365730812
-1.0628830597675174
-0.8743088919501457
-0.32739344503230633
-0.7891240245383395
1.048571561279537
0.2957484433621388
-1.3074463295505947
0.09056056799587318
-0.20114959436327012
-1.3014943681712379
-0.6294251015805049
-0.39669178182099674
-0.5277852340507238
-0.23099364426522861
0.8085379478395817
-0.7569193331504181
0.8369765414613741
-0.008746419360984558
-0.8819595634865692
-0.19817872577302362
-1.2164914476656632
0.4445936975545092
-0.8775655623063218
0.5867884667421639
1.2513028149529386
-0.8132841260867142
-0.1671834087656563
1.1286399927752377
-0.5534510946249779
0.9402095152740065
0.9621878587656469
0.6787027735685113
0.4644044823057318
0.07028109320227831
0.40639194194474504
0.059127426334247016
0.10361879035121208
0.6993916814430994
0.0447614874165462
-0.14114951125838174
-0.5281697618687295
-0.37600395690027144
0.39736949307342795
0.5128523055214251
0.4628197724763147
0.4382680038090529
0.9781672720168081
-0.7189708821416393
0.2053810129967365
0.8672164458283437
0.7384792488234294
-0.1531327373852189
-0.21983273196519365
1.1830259001312418
-0.4406076359127518
-0.6686385531012503
0.643931891256778
-1.1566774561437005
0.3166151677467775
-0.09966722528741784
-0.5827888081852084
-0.4721491081444827
-0.5264148453644866
-0.41423178819351153
-0.013492348826084768
-1.0491504568961203
-0.20983832760066803
1.072023225053426
-0.598590859753812
0.5036615598200043
1.026138203727838
0.8048706298941085
1.194980612244948
0.20252047390381356
0.2832365126682874
0.7430108623950821
-0.19082351762533487
0.09151209197289308
-0.3842611815016874
1.1895598526593585
0.23271848524319183
0.6105933159065547
-0.22830730436435787
0.31289067510201474
0.8783571345033443
0.059250683096499834
0.915560204285996
1.1605598657720664
0.028668254225635095
0.632754896783074
1.0514736992443805
0.7453205745945349
0.6728980364735505
-0.17666343913955676
0.7096469665515807
-0.4804451023903616
-0.44653569411669036
0.7273337398892309
0.9222455557757886
-0.18824779031983763
-0.5689000840142489
0.27918367676300515
0.3692612637767618
-0.7642206443647946
-1.5700432106691942
-0.8477850481789212
0.3433592069491573
0.47888241176964025
-0.2697005224508112
-0.5724470655629561
-1.2206700610766612
-0.6375391970196914
0.5142695362996753
0.06645193825699573
0.9013708997795117
0.6738670989309397
0.879010136112258
0.9814848668728785
0.30698827065206136
1.1418767106074676
0.5790076374625973
0.3499694859789246
-0.9420120230272528
0.5907293642529029
0.2260016927629673
-0.9551990366347768
-0.0310130180859583
-0.3219859176917419
-0.5226792924469241
-0.08115639006178971
0.05293739589544037
0.6809914191639351
0.25738086903775365
-1.1036857991820026
-0.6538483854355499
0.8366170166948784
-0.6774576855383271
1.2116244171692219
-0.47162327144189276
0.6402387689279464
-0.8674966238290451
0.7788469461893281
-0.05444129572365
-0.9376760972387446
-0.9808072091952287
-0.5121624126352504
-0.34023794949503483
0.513743331634298
-0.8198917099379357
0.05823954363731203
0.8705424275253635
-0.022760568370552205
-0.6445862155075094
1.0243482378662105
0.41359501162020207
-0.5843026441882699
-0.9486350466689704
-0.7722701661433329
0.012928237984089083
0.5507724658823834
-0.8117274033099873
0.1953269921725278
-0.5774455409519018
-0.39436599093402064
0.43888482412417446
0.5546466985374463
-1.2037872146651833
-0.05093686148326192
-0.8037364021921378
0.7691553534126413
-0.670323257040953
-0.6539829549564875
-0.6390830781923508
0.0540390340766147
-0.3992313426747691
0.011101465660654333
0.0272605056768384
-0.7500111894192321
-0.07229753381146836
-0.9172632855401062
-0.520877202532589
-0.059621364178952675
-0.13130993380687242
-0.6117239226379431
-0.6689143947169062
0.3955002470434774
-0.5592682016089128
-0.9742601979099474
-0.7357883277805187
-1.240180818731631
-0.9111012042373849
0.8091351122960069
-0.04448207936682544
-0.2522164971256262
-0.6740975695328819
-0.5374462806749892
-0.5006413700578889
-0.3863962841312834
0.45800605807030126
-0.5411192506408632
1.0077852284123654
0.3396886691203678
-1.018257342281449
0.31647806877463613
0.7300934834468704
0.27122338664698914
-0.5437911744984294
-0.07413121354292057
0.028341795037402317
0.6577135704296904
-0.26565022210772204
-0.7137134786943924
-0.14358751221322127
-0.04784841646266254
-0.26453471155907093
-0.7747391134075898
-0.2831688425518069
-1.32278750997324
-0.3024105210790424
-0.9671038818361148
-0.5760055657718588
-0.46979727703673
-0.6513425590596372
-0.2335051079052957
-1.0956108786163103
